# Omega - roots -     T    - rhoB  - rhoQ -rhoP - sigma^2(P) - Ssigma(P) - Ksigma^2(P) - rhoQ - sigma^2(Q) - Ssigma(Q) - Ksigma^2(Q) - rhoK - sigma^2(K) - Ssigma(K) - Ksigma^2(K) - rhoPi - sigma^2(Pi) - Ssigma(Pi) - Ksigma^2(Pi) - TotrhoP - TotrhoQ - TotrhoK - TotrhoPi
 100.0   19.6 140.00 0.0000 0.0000 1.4000e-04 1.1780e-01 2.5886e-02 7.4749e-01 -6.0000e-05 2.4900e+00 -3.9832e-02 1.5555e-01 -1.2000e-04 4.7186e-01 -7.8438e-02 5.2107e-01 -4.5000e-04 1.8670e+00 4.0243e-02 4.8584e-01 1.3400e-03 5.0340e-02 5.8600e-03 2.6930e-02
 100.0   19.6 140.00 0.0000 0.0000 -1.1000e-04 1.1288e-01 -1.1283e-02 7.6752e-01 1.0200e-03 2.6096e+00 1.4194e-01 1.4699e+00 1.7000e-04 4.4271e-01 -3.9717e-02 5.9508e-01 6.7000e-04 1.8845e+00 1.0184e-01 6.9442e-01 1.2500e-03 4.9740e-02 5.6100e-03 2.6250e-02
 100.0   19.6 140.00 0.0000 0.0000 1.0000e-05 1.1500e-01 1.6222e-01 1.1761e+00 -7.1000e-04 2.5580e+00 -2.1031e-02 6.1958e-01 1.9000e-04 4.3664e-01 -6.8467e-02 5.7339e-01 -7.7000e-04 1.7591e+00 -1.6725e-01 8.6854e-02 1.1500e-03 4.9070e-02 5.5300e-03 2.5750e-02
 100.0   19.6 140.00 0.0000 0.0000 3.0000e-05 1.2299e-01 -8.2176e-02 1.0223e+00 1.3900e-03 2.6217e+00 -3.4046e-03 6.7921e-02 2.5000e-04 4.7437e-01 -1.2352e-01 6.9984e-01 4.5000e-04 1.9670e+00 1.1661e-01 7.5669e-02 1.3500e-03 4.9730e-02 5.4100e-03 2.6610e-02
 100.0   19.6 140.00 0.0000 0.0000 9.0000e-05 1.0292e-01 2.1421e-03 8.0806e-01 3.9000e-04 2.7195e+00 -2.3254e-02 -2.0910e-01 1.0000e-04 4.5590e-01 3.1415e-02 4.9927e-01 4.0000e-05 1.9900e+00 1.2870e-01 2.9829e-01 1.1700e-03 5.0030e-02 5.4200e-03 2.7200e-02
 100.0   19.6 140.00 0.0000 0.0000 5.0000e-05 9.0975e-02 1.0591e-01 8.5699e-01 -5.7000e-04 2.7218e+00 2.4266e-03 5.8993e-01 2.6000e-04 5.0332e-01 1.4051e-01 5.6941e-01 -1.9000e-04 1.9126e+00 2.0706e-01 4.7703e-01 1.0900e-03 4.9850e-02 5.8400e-03 2.6870e-02
 100.0   19.6 140.00 0.0000 0.0000 4.0000e-05 1.3198e-01 -7.2614e-02 9.6892e-01 -4.3000e-04 2.5352e+00 -4.8867e-02 8.4515e-01 -1.2000e-04 4.8786e-01 -1.3191e-02 6.6671e-01 -3.6000e-04 1.8787e+00 7.6088e-02 5.0321e-01 1.4400e-03 4.8990e-02 5.4600e-03 2.6060e-02
 100.0   19.6 140.00 0.0000 0.0000 9.0000e-05 1.1092e-01 1.0823e-01 7.7178e-01 3.0000e-04 2.5031e+00 -6.1148e-03 5.1448e-01 -2.0000e-05 4.6800e-01 2.7368e-02 7.2443e-01 -7.0000e-05 1.8630e+00 1.2030e-01 2.5818e-01 1.3500e-03 4.9340e-02 5.8600e-03 2.6590e-02
 100.0   19.6 140.00 0.0000 0.0000 -1.0000e-05 1.0700e-01 -6.3459e-03 9.0328e-01 -1.2100e-03 2.6484e+00 4.6114e-02 8.1496e-02 1.2000e-04 4.3586e-01 1.0166e-01 6.7817e-01 -1.0100e-03 1.8968e+00 4.4686e-02 4.9109e-01 1.2300e-03 4.9210e-02 5.5600e-03 2.6170e-02
 100.0   19.6 140.00 0.0000 0.0000 -8.0000e-05 9.9936e-02 -5.6046e-02 6.9865e-01 5.2000e-04 2.5653e+00 3.4956e-02 2.9372e-01 9.0000e-05 4.6092e-01 7.0629e-02 5.5165e-01 1.8000e-04 1.9717e+00 1.0728e-01 5.4087e-01 1.1400e-03 4.8040e-02 5.5700e-03 2.5540e-02
