# Omega - roots -     T    - rhoB  - rhoQ -rhoP - sigma^2(P) - Ssigma(P) - Ksigma^2(P) - rhoQ - sigma^2(Q) - Ssigma(Q) - Ksigma^2(Q) - rhoK - sigma^2(K) - Ssigma(K) - Ksigma^2(K) - rhoPi - sigma^2(Pi) - Ssigma(Pi) - Ksigma^2(Pi) - TotrhoP - TotrhoQ - TotrhoK - TotrhoPi
 100.0   62.4 140.00 0.0500 0.0250 1.0060e-02 9.4796e-01 8.1747e-01 7.8198e-01 1.8190e-02 4.8802e+00 2.2724e-02 1.8662e-01 2.7700e-03 7.4827e-01 2.2443e-01 8.8314e-01 -2.7500e-03 3.2694e+00 -1.9055e-01 2.8755e-01 1.0480e-02 8.8110e-02 8.3500e-03 4.1270e-02
 100.0   62.4 140.00 0.0500 0.0250 9.8400e-03 9.6374e-01 7.7226e-01 2.3631e-01 1.8770e-02 4.1399e+00 -5.8825e-02 -1.2485e+00 2.7700e-03 6.4027e-01 1.4007e-01 3.5476e-01 -1.1600e-03 3.1205e+00 5.1757e-02 1.3496e+00 1.0280e-02 8.7870e-02 8.3100e-03 4.0900e-02
 100.0   62.4 140.00 0.0500 0.0250 1.0010e-02 9.9900e-01 9.5296e-01 8.7006e-01 1.7390e-02 4.6689e+00 4.5846e-01 1.3210e+00 2.9300e-03 7.7315e-01 2.5124e-01 9.9908e-01 -1.7700e-03 3.0137e+00 6.9949e-02 6.0263e-01 1.0290e-02 8.7130e-02 8.5900e-03 3.9970e-02
 100.0   62.4 140.00 0.0500 0.0250 9.0900e-03 7.9672e-01 5.4380e-01 -7.1835e-02 1.6510e-02 4.3032e+00 -2.5340e-02 -2.9174e-01 2.9600e-03 7.0838e-01 3.9106e-01 7.0938e-01 -2.1800e-03 3.1565e+00 -2.5196e-01 4.2268e-01 9.5700e-03 8.6410e-02 8.2600e-03 4.0840e-02
 100.0   62.4 140.00 0.0500 0.0250 9.2500e-03 9.1737e-01 9.4163e-01 1.0927e+00 1.7040e-02 4.5064e+00 3.8204e-01 3.3757e-01 2.6600e-03 7.0524e-01 3.2669e-01 5.7051e-01 -1.5200e-03 3.3329e+00 2.9798e-02 6.0885e-01 9.6900e-03 8.8000e-02 8.5600e-03 4.1620e-02
 100.0   62.4 140.00 0.0500 0.0250 9.5400e-03 9.3588e-01 8.2622e-01 3.7265e-01 1.7980e-02 4.2632e+00 6.2811e-01 5.7461e-01 2.9000e-03 6.8790e-01 3.3601e-01 5.9612e-01 -2.6900e-03 3.3326e+00 7.3187e-02 1.7859e+00 9.9000e-03 8.8640e-02 8.2000e-03 4.0470e-02
 100.0   62.4 140.00 0.0500 0.0250 9.8600e-03 9.9780e-01 9.7806e-01 1.1151e+00 1.7510e-02 4.7470e+00 -4.5619e-01 2.1109e+00 2.2900e-03 7.1856e-01 2.2453e-01 3.1367e-01 -1.8100e-03 3.3642e+00 -4.7389e-01 5.1068e-01 1.0460e-02 8.8390e-02 8.5700e-03 4.0130e-02
 100.0   62.4 140.00 0.0500 0.0250 9.4800e-03 8.5730e-01 6.0642e-01 -4.5084e-02 1.8030e-02 4.3462e+00 1.3171e-02 1.2518e+00 3.0100e-03 7.2840e-01 2.0591e-01 4.2635e-01 -1.3300e-03 3.0033e+00 -2.3984e-01 5.5242e-01 9.9400e-03 8.7490e-02 8.6500e-03 4.1010e-02
 100.0   62.4 140.00 0.0500 0.0250 8.9800e-03 8.5160e-01 7.5112e-01 3.3591e-01 1.6740e-02 4.6177e+00 2.4834e-01 -3.1153e-01 2.8000e-03 6.5160e-01 2.7425e-01 3.3064e-01 -2.2800e-03 3.4120e+00 6.1451e-02 8.8727e-02 9.3800e-03 8.7460e-02 8.0600e-03 4.1920e-02
 100.0   62.4 140.00 0.0500 0.0250 9.1600e-03 9.2294e-01 8.1822e-01 6.6866e-01 1.6860e-02 4.5634e+00 9.3721e-02 -7.5408e-02 2.8500e-03 7.3577e-01 3.2451e-01 6.9524e-01 -2.4500e-03 3.1690e+00 -1.7386e-02 -4.2573e-01 9.8200e-03 8.8920e-02 8.7100e-03 4.1370e-02
