# Omega - roots -     T    - rhoB  - rhoQ -rhoP - sigma^2(P) - Ssigma(P) - Ksigma^2(P) - rhoQ - sigma^2(Q) - Ssigma(Q) - Ksigma^2(Q) - rhoK - sigma^2(K) - Ssigma(K) - Ksigma^2(K) - rhoPi - sigma^2(Pi) - Ssigma(Pi) - Ksigma^2(Pi) - TotrhoP - TotrhoQ - TotrhoK - TotrhoPi
 100.0  200.0 155.00 0.0500 0.0250 7.1200e-03 8.5906e-01 6.7529e-01 3.1425e-01 1.4130e-02 6.5104e+00 -1.9014e-01 -7.1503e-01 2.7800e-03 1.0927e+00 9.2604e-02 4.9301e-01 -2.9100e-03 4.6743e+00 2.7881e-02 1.2846e+00 9.1000e-03 1.2237e-01 1.3040e-02 5.6510e-02
 100.0  200.0 155.00 0.0500 0.0250 6.1200e-03 7.4946e-01 6.3617e-01 7.5159e-01 1.4470e-02 6.7912e+00 7.4906e-02 -1.5834e+00 3.1500e-03 1.0558e+00 2.9555e-01 3.4804e-01 -2.7300e-03 4.4785e+00 -3.7352e-01 6.0467e-01 8.3000e-03 1.2247e-01 1.3450e-02 5.7310e-02
 100.0  200.0 155.00 0.0500 0.0250 6.8900e-03 8.0628e-01 6.2923e-01 3.8028e-01 1.3060e-02 6.6404e+00 -1.8320e-01 1.4837e+00 2.6600e-03 1.1192e+00 1.5727e-01 6.3652e-01 -2.4000e-03 4.3384e+00 7.1794e-02 4.1933e-01 8.7900e-03 1.2192e-01 1.3140e-02 5.6800e-02
 100.0  200.0 155.00 0.0500 0.0250 6.5600e-03 8.1966e-01 7.1322e-01 5.9401e-01 1.4570e-02 6.6802e+00 2.4147e-01 -2.2625e-01 2.8200e-03 1.1385e+00 7.7668e-02 8.5758e-01 -2.9800e-03 4.3312e+00 1.5366e-02 -3.5578e-02 8.8000e-03 1.2153e-01 1.2740e-02 5.6900e-02
 100.0  200.0 155.00 0.0500 0.0250 6.4500e-03 8.1498e-01 5.9595e-01 1.3497e-01 1.4950e-02 6.6640e+00 -1.6931e-01 7.8068e-02 2.7600e-03 1.0778e+00 -1.3572e-03 2.2645e-01 -2.1100e-03 4.1965e+00 -1.6975e-02 -1.5094e-01 8.8500e-03 1.2191e-01 1.2960e-02 5.5750e-02
 100.0  200.0 155.00 0.0500 0.0250 7.2400e-03 8.5982e-01 8.5943e-01 1.2969e+00 1.4600e-02 6.6704e+00 -1.9562e-02 -5.5321e-01 3.2500e-03 1.0314e+00 9.2189e-02 4.6676e-01 -3.1600e-03 4.1721e+00 -9.2339e-02 -9.8197e-03 9.2600e-03 1.2226e-01 1.3350e-02 5.6580e-02
 100.0  200.0 155.00 0.0500 0.0250 6.1700e-03 8.0631e-01 6.6182e-01 8.4947e-01 1.4930e-02 6.7160e+00 2.6508e-01 -3.4256e-01 3.1400e-03 1.0974e+00 2.7272e-01 1.1739e+00 -1.5600e-03 4.4517e+00 2.5423e-02 2.9634e+00 8.7100e-03 1.2047e-01 1.3020e-02 5.6400e-02
 100.0  200.0 155.00 0.0500 0.0250 6.7100e-03 8.0476e-01 8.2374e-01 7.9541e-01 1.3470e-02 6.5366e+00 -3.0679e-01 1.1955e+00 2.8500e-03 1.1358e+00 1.7324e-01 4.7071e-01 -3.2000e-03 4.5736e+00 -1.2082e-01 4.5189e-01 8.5100e-03 1.2165e-01 1.3550e-02 5.6820e-02
 100.0  200.0 155.00 0.0500 0.0250 6.4000e-03 8.5040e-01 7.3976e-01 1.1551e+00 1.5250e-02 6.8154e+00 2.8378e-01 -1.4342e-01 2.8700e-03 1.1906e+00 3.6806e-01 9.2883e-01 -1.0900e-03 4.3831e+00 2.8874e-01 3.3743e-01 8.7800e-03 1.2089e-01 1.3290e-02 5.6130e-02
 100.0  200.0 155.00 0.0500 0.0250 6.6400e-03 8.2910e-01 6.9192e-01 7.6759e-01 1.3920e-02 6.9703e+00 -4.7250e-02 -8.9637e-03 2.8300e-03 9.9091e-01 2.5281e-02 2.4457e-01 -2.2300e-03 4.2713e+00 2.3449e-01 4.8656e-01 8.6000e-03 1.1910e-01 1.3030e-02 5.4670e-02
