# Omega - roots -     T    - rhoB  - rhoQ -rhoP - sigma^2(P) - Ssigma(P) - Ksigma^2(P) - rhoQ - sigma^2(Q) - Ssigma(Q) - Ksigma^2(Q) - rhoK - sigma^2(K) - Ssigma(K) - Ksigma^2(K) - rhoPi - sigma^2(Pi) - Ssigma(Pi) - Ksigma^2(Pi) - TotrhoP - TotrhoQ - TotrhoK - TotrhoPi
 100.0   27.0 140.00 0.2000 0.1000 2.7730e-02 2.6375e+00 9.3605e-01 9.8118e-01 5.1490e-02 1.0217e+01 -1.1444e-01 -1.7369e-01 6.0700e-03 7.6855e-01 4.9681e-01 3.1116e-01 -4.5600e-03 4.6041e+00 -3.1208e-01 -4.2231e-01 2.7850e-02 1.3785e-01 9.0900e-03 5.0840e-02
 100.0   27.0 140.00 0.2000 0.1000 2.8460e-02 2.5443e+00 9.7832e-01 1.0056e+00 5.0610e-02 9.7293e+00 8.3492e-02 -9.3769e-01 5.7200e-03 7.3482e-01 4.4896e-01 3.6709e-01 -5.8200e-03 4.7033e+00 -3.8897e-02 4.4231e-01 2.8600e-02 1.3863e-01 8.4200e-03 5.1580e-02
 100.0   27.0 140.00 0.2000 0.1000 2.8070e-02 2.4858e+00 8.2045e-01 7.5938e-01 5.1730e-02 9.4131e+00 1.4771e-01 2.6302e-01 6.0500e-03 8.3698e-01 3.9959e-01 4.9221e-01 -5.2900e-03 4.7352e+00 -3.5992e-01 1.5203e+00 2.8290e-02 1.4099e-01 9.3900e-03 5.2410e-02
 100.0   27.0 140.00 0.2000 0.1000 2.7920e-02 2.5487e+00 8.8727e-01 3.3187e-01 5.0230e-02 9.5305e+00 1.1410e-01 -3.3628e-01 5.9400e-03 7.6916e-01 4.9634e-01 4.6708e-01 -5.2000e-03 4.6056e+00 -8.4388e-02 1.8840e-01 2.8080e-02 1.3945e-01 8.8200e-03 5.3220e-02
 100.0   27.0 140.00 0.2000 0.1000 2.8350e-02 2.6318e+00 7.7827e-01 -2.5630e-01 5.1390e-02 9.4577e+00 2.7813e-01 -1.4267e+00 6.0900e-03 7.7812e-01 4.3889e-01 1.1256e-01 -5.5800e-03 4.5446e+00 6.4573e-02 5.2605e-01 2.8470e-02 1.3869e-01 8.9900e-03 5.2160e-02
 100.0   27.0 140.00 0.2000 0.1000 2.8500e-02 2.5815e+00 8.1389e-01 3.9946e-01 5.1790e-02 1.0053e+01 7.3419e-01 2.4332e+00 5.4700e-03 8.0779e-01 5.4191e-01 5.1983e-01 -3.9600e-03 4.7472e+00 -3.7122e-01 2.1194e-01 2.8600e-02 1.4019e-01 8.5300e-03 5.2440e-02
 100.0   27.0 140.00 0.2000 0.1000 2.9550e-02 2.6570e+00 8.2717e-01 7.9932e-01 5.1180e-02 9.7261e+00 4.9694e-02 4.5389e-02 6.0200e-03 8.2360e-01 6.3431e-01 5.4262e-01 -5.9600e-03 4.3368e+00 -4.4367e-01 1.0987e+00 2.9690e-02 1.4104e-01 8.7600e-03 5.2140e-02
 100.0   27.0 140.00 0.2000 0.1000 2.8410e-02 2.7877e+00 8.0882e-01 3.0900e-01 5.3440e-02 9.7517e+00 2.8196e-01 -7.0102e-01 5.9800e-03 8.1040e-01 6.6425e-01 1.3073e+00 -4.1100e-03 4.8801e+00 -1.1689e-01 -4.2969e-01 2.8490e-02 1.4072e-01 8.8800e-03 5.2550e-02
 100.0   27.0 140.00 0.2000 0.1000 2.8080e-02 2.6391e+00 7.1282e-01 1.7305e-03 5.1110e-02 1.0551e+01 1.5395e-01 1.2124e+00 5.7700e-03 6.8407e-01 5.6832e-01 6.9953e-01 -5.9100e-03 4.6757e+00 -5.4436e-02 9.2465e-01 2.8200e-02 1.4211e-01 8.5300e-03 5.3030e-02
 100.0   27.0 140.00 0.2000 0.1000 2.9030e-02 2.5436e+00 1.0199e+00 1.4162e+00 5.0680e-02 9.6694e+00 9.0752e-01 2.7684e+00 5.2100e-03 7.5156e-01 4.9084e-01 7.3181e-01 -6.0200e-03 5.2256e+00 2.0086e-01 6.1483e-01 2.9110e-02 1.4330e-01 8.6300e-03 5.4140e-02
