# Omega - roots -     T    - rhoB  - rhoQ -rhoP - sigma^2(P) - Ssigma(P) - Ksigma^2(P) - rhoQ - sigma^2(Q) - Ssigma(Q) - Ksigma^2(Q) - rhoK - sigma^2(K) - Ssigma(K) - Ksigma^2(K) - rhoPi - sigma^2(Pi) - Ssigma(Pi) - Ksigma^2(Pi) - TotrhoP - TotrhoQ - TotrhoK - TotrhoPi
 100.0   39.0 140.00 0.1500 0.0750 2.0980e-02 2.0424e+00 8.7867e-01 7.4451e-01 3.8210e-02 8.4330e+00 7.7615e-01 2.4775e+00 4.8300e-03 7.0371e-01 4.1586e-01 3.6741e-01 -4.6900e-03 4.1490e+00 1.1566e-01 1.0560e+00 2.1140e-02 1.1765e-01 8.0900e-03 4.6110e-02
 100.0   39.0 140.00 0.1500 0.0750 2.1200e-02 2.1616e+00 1.1936e+00 1.5900e+00 3.7870e-02 8.0416e+00 2.3021e-01 1.1547e+00 4.6400e-03 6.8670e-01 4.0514e-01 5.1483e-01 -5.1500e-03 3.8538e+00 -1.2723e-01 -4.6626e-01 2.1400e-02 1.1463e-01 7.7400e-03 4.5050e-02
 100.0   39.0 140.00 0.1500 0.0750 2.0930e-02 2.0184e+00 8.1605e-01 2.1218e-01 3.7710e-02 7.3926e+00 5.5701e-01 1.3249e+00 4.7100e-03 7.5116e-01 4.6478e-01 7.6347e-01 -4.2800e-03 4.3228e+00 3.8609e-02 4.4941e-01 2.1030e-02 1.1579e-01 7.9900e-03 4.6260e-02
 100.0   39.0 140.00 0.1500 0.0750 2.1120e-02 1.9215e+00 7.7388e-01 1.5981e-01 3.7750e-02 7.9064e+00 4.1652e-01 -5.9035e-01 4.7700e-03 7.3347e-01 5.2745e-01 6.5964e-01 -5.6600e-03 4.0236e+00 2.3200e-01 1.1829e+00 2.1300e-02 1.1673e-01 7.9100e-03 4.5300e-02
 100.0   39.0 140.00 0.1500 0.0750 2.1360e-02 2.0515e+00 6.0466e-01 -5.3172e-01 3.8940e-02 7.7048e+00 6.9922e-01 1.5765e+00 4.5200e-03 6.9370e-01 4.5121e-01 5.8867e-01 -4.1900e-03 4.0154e+00 1.3397e-01 1.3639e+00 2.1560e-02 1.1754e-01 7.5000e-03 4.6870e-02
 100.0   39.0 140.00 0.1500 0.0750 2.1140e-02 1.9510e+00 9.0890e-01 4.7967e-01 3.8760e-02 7.4106e+00 3.7172e-01 -2.1316e-01 5.2000e-03 7.8160e-01 5.2981e-01 9.2733e-01 -4.3200e-03 4.1694e+00 -3.6549e-01 9.7765e-01 2.1300e-02 1.1644e-01 8.0000e-03 4.5860e-02
 100.0   39.0 140.00 0.1500 0.0750 2.1470e-02 1.8714e+00 6.9710e-01 2.5036e-01 3.7820e-02 8.1945e+00 6.2427e-01 -4.5938e-01 4.9900e-03 6.6000e-01 4.0717e-01 4.6936e-01 -4.4100e-03 4.1865e+00 2.6932e-01 -5.4219e-01 2.1590e-02 1.1756e-01 7.7100e-03 4.5650e-02
 100.0   39.0 140.00 0.1500 0.0750 2.0200e-02 1.9016e+00 9.5703e-01 8.6432e-01 3.7910e-02 7.4673e+00 4.8614e-01 2.4323e-01 5.1500e-03 7.1778e-01 4.4505e-01 3.3821e-01 -4.2900e-03 3.8230e+00 2.4615e-02 5.3050e-01 2.0420e-02 1.1523e-01 8.2500e-03 4.4910e-02
 100.0   39.0 140.00 0.1500 0.0750 2.1630e-02 2.0104e+00 6.7327e-01 -1.6724e-01 3.8710e-02 8.2884e+00 3.2971e-01 1.2138e+00 4.6400e-03 6.7870e-01 2.8488e-01 2.7427e-01 -5.0300e-03 4.2520e+00 -2.8680e-01 7.7854e-01 2.1730e-02 1.1879e-01 7.7200e-03 4.6670e-02
 100.0   39.0 140.00 0.1500 0.0750 2.1070e-02 1.8656e+00 8.6459e-01 4.8326e-01 4.0010e-02 7.8550e+00 4.9439e-01 1.9356e+00 4.9700e-03 6.9399e-01 4.4885e-01 3.3910e-01 -3.2600e-03 4.4437e+00 -8.2677e-02 4.7123e-01 2.1210e-02 1.1639e-01 7.8700e-03 4.5680e-02
