# Omega - roots -     T    - rhoB  - rhoQ -rhoP - sigma^2(P) - Ssigma(P) - Ksigma^2(P) - rhoQ - sigma^2(Q) - Ssigma(Q) - Ksigma^2(Q) - rhoK - sigma^2(K) - Ssigma(K) - Ksigma^2(K) - rhoPi - sigma^2(Pi) - Ssigma(Pi) - Ksigma^2(Pi) - TotrhoP - TotrhoQ - TotrhoK - TotrhoPi
 100.0   19.6 140.00 0.0500 0.0250 4.4100e-03 4.4252e-01 9.5766e-01 1.2650e+00 8.3100e-03 3.6184e+00 -2.6963e-01 2.7506e-01 1.3300e-03 3.8331e-01 2.5490e-01 7.8068e-01 -1.6300e-03 2.2944e+00 -3.5682e-01 1.0632e+00 4.6900e-03 5.3590e-02 4.3100e-03 2.5950e-02
 100.0   19.6 140.00 0.0500 0.0250 4.6900e-03 4.6904e-01 9.3361e-01 1.0321e+00 8.5600e-03 3.6873e+00 1.7571e-01 -3.0965e-01 1.7300e-03 4.1307e-01 4.3924e-01 9.7438e-01 -1.7400e-03 2.0477e+00 -9.3675e-02 4.6104e-01 4.8500e-03 5.4500e-02 4.4900e-03 2.5660e-02
 100.0   19.6 140.00 0.0500 0.0250 4.7300e-03 4.7527e-01 8.1799e-01 5.3393e-01 8.8400e-03 3.6285e+00 -2.0864e-02 4.9792e-01 1.2300e-03 4.3187e-01 8.7497e-03 7.8304e-01 -1.8700e-03 2.2640e+00 1.5798e-01 9.2612e-01 5.0500e-03 5.5440e-02 4.8300e-03 2.6090e-02
 100.0   19.6 140.00 0.0500 0.0250 4.9300e-03 4.8995e-01 7.5220e-01 4.4192e-01 8.9600e-03 3.8352e+00 -1.7165e-01 7.7525e-01 1.7400e-03 4.2372e-01 3.0102e-01 8.7961e-01 -1.9900e-03 2.2694e+00 -8.7375e-02 1.2567e+00 5.1900e-03 5.4280e-02 4.6600e-03 2.5710e-02
 100.0   19.6 140.00 0.0500 0.0250 4.7900e-03 4.6756e-01 8.5383e-01 6.8433e-01 9.4600e-03 3.6611e+00 2.5218e-01 -2.9588e-01 1.3600e-03 3.9750e-01 2.7497e-01 9.5107e-01 -1.4200e-03 2.1578e+00 -4.7223e-02 1.0141e-02 4.9700e-03 5.4600e-02 4.3400e-03 2.6000e-02
 100.0   19.6 140.00 0.0500 0.0250 5.1800e-03 5.2968e-01 9.7398e-01 1.0019e+00 9.7900e-03 3.7266e+00 2.0549e-01 1.2150e+00 1.4300e-03 4.0055e-01 3.7009e-01 8.9207e-01 -3.2000e-04 2.2230e+00 -9.3821e-02 1.2284e+00 5.3800e-03 5.4050e-02 4.3300e-03 2.5760e-02
 100.0   19.6 140.00 0.0500 0.0250 4.9200e-03 5.2994e-01 1.0279e+00 1.1043e+00 8.7200e-03 4.0956e+00 1.6721e-01 1.1245e+00 1.6000e-03 3.8440e-01 4.4067e-01 1.0682e+00 -1.5500e-03 2.2870e+00 -1.4422e-01 1.7917e+00 5.1200e-03 5.3780e-02 4.3400e-03 2.5870e-02
 100.0   19.6 140.00 0.0500 0.0250 4.6500e-03 4.4878e-01 8.7441e-01 7.7086e-01 9.0000e-03 3.9120e+00 1.4433e-01 6.4874e-02 1.7900e-03 4.5896e-01 2.9807e-01 8.2765e-01 -1.5500e-03 2.3350e+00 -1.1371e-01 3.2758e-01 4.8300e-03 5.5420e-02 4.6900e-03 2.6370e-02
 100.0   19.6 140.00 0.0500 0.0250 4.8600e-03 4.8780e-01 9.2658e-01 1.1652e+00 1.0240e-02 3.6834e+00 3.9875e-01 6.1666e-01 1.3800e-03 4.0096e-01 4.1744e-01 7.8596e-01 -6.1000e-04 2.2213e+00 -1.1831e-02 8.0618e-01 5.1200e-03 5.5520e-02 4.4400e-03 2.6710e-02
 100.0   19.6 140.00 0.0500 0.0250 4.6500e-03 4.5678e-01 8.4780e-01 5.4168e-01 9.0800e-03 3.8075e+00 7.0822e-02 1.8431e+00 1.8900e-03 4.1728e-01 2.5798e-01 6.5793e-01 -1.5000e-03 2.2475e+00 9.6440e-02 5.0116e-01 4.7900e-03 5.5740e-02 4.9500e-03 2.6640e-02
