# Omega - roots -     T    - rhoB  - rhoQ -rhoP - sigma^2(P) - Ssigma(P) - Ksigma^2(P) - rhoQ - sigma^2(Q) - Ssigma(Q) - Ksigma^2(Q) - rhoK - sigma^2(K) - Ssigma(K) - Ksigma^2(K) - rhoPi - sigma^2(Pi) - Ssigma(Pi) - Ksigma^2(Pi) - TotrhoP - TotrhoQ - TotrhoK - TotrhoPi
 100.0  200.0 140.00 0.0500 0.0250 9.4400e-03 1.0169e+00 9.5687e-01 6.1441e-01 1.8660e-02 4.8840e+00 3.1732e-01 1.9247e+00 3.2000e-03 7.4760e-01 3.0703e-01 7.2989e-01 -2.3800e-03 3.2594e+00 3.0270e-02 1.2213e+00 9.9200e-03 9.2240e-02 8.6600e-03 4.2740e-02
 100.0  200.0 140.00 0.0500 0.0250 9.2200e-03 8.7792e-01 8.4963e-01 4.7434e-01 1.7280e-02 4.7420e+00 1.2012e-01 -1.3810e-01 2.7600e-03 7.8782e-01 1.5823e-01 6.3783e-01 -3.0600e-03 3.4324e+00 -2.0116e-01 1.4219e+00 9.4800e-03 9.0880e-02 9.0200e-03 4.2640e-02
 100.0  200.0 140.00 0.0500 0.0250 9.1000e-03 9.2390e-01 8.4228e-01 4.2689e-01 1.7480e-02 4.5885e+00 5.7381e-01 2.1243e-01 2.6500e-03 7.3878e-01 1.4763e-01 3.5709e-01 -1.7800e-03 3.4603e+00 -3.0302e-01 3.5524e-01 9.5800e-03 9.1880e-02 8.7500e-03 4.2620e-02
 100.0  200.0 140.00 0.0500 0.0250 8.9400e-03 1.0168e+00 1.0824e+00 1.7394e+00 1.7680e-02 4.4662e+00 2.3979e-01 -1.0764e+00 2.4400e-03 6.8446e-01 2.6071e-01 6.7837e-01 -2.2200e-03 3.2687e+00 -5.5708e-02 2.7588e-01 9.5400e-03 9.3440e-02 8.3000e-03 4.3460e-02
 100.0  200.0 140.00 0.0500 0.0250 9.6000e-03 9.1040e-01 7.8132e-01 3.7630e-01 1.8170e-02 4.8235e+00 3.0709e-01 3.6521e-02 2.7700e-03 7.3627e-01 2.9052e-01 2.7281e-01 -2.6700e-03 3.5277e+00 1.6434e-01 6.0944e-01 1.0040e-02 9.1450e-02 9.3100e-03 4.2010e-02
 100.0  200.0 140.00 0.0500 0.0250 9.5000e-03 9.3750e-01 9.3520e-01 9.6060e-01 1.8010e-02 4.5774e+00 5.1905e-02 -6.7742e-01 2.2700e-03 6.5547e-01 1.8754e-01 2.2144e-01 -2.5100e-03 3.3860e+00 -2.0955e-01 -1.3179e-01 9.9400e-03 9.3190e-02 8.4300e-03 4.3170e-02
 100.0  200.0 140.00 0.0500 0.0250 9.2100e-03 9.8076e-01 1.0073e+00 9.7553e-01 1.8200e-02 4.2856e+00 4.5316e-01 -6.9372e-01 2.7600e-03 7.2582e-01 3.5820e-01 7.6184e-01 -2.3000e-03 3.2771e+00 -1.1798e-01 6.6315e-01 9.7100e-03 9.0220e-02 8.4800e-03 4.1880e-02
 100.0  200.0 140.00 0.0500 0.0250 9.1900e-03 9.8244e-01 9.5504e-01 6.9900e-01 1.7860e-02 4.3442e+00 -6.3814e-02 1.1971e+00 3.1700e-03 7.3651e-01 3.6486e-01 6.5002e-01 -1.7900e-03 3.5150e+00 -6.5358e-02 1.1838e+00 9.5300e-03 9.1700e-02 9.0100e-03 4.2890e-02
 100.0  200.0 140.00 0.0500 0.0250 8.8200e-03 1.0261e+00 1.2347e+00 2.6212e+00 1.6420e-02 4.4998e+00 -1.6874e-01 6.9656e-01 3.0300e-03 7.1119e-01 2.2035e-01 4.9424e-01 -3.1800e-03 3.2969e+00 -1.0817e-01 3.4385e-01 9.3400e-03 9.0180e-02 8.8700e-03 4.2120e-02
 100.0  200.0 140.00 0.0500 0.0250 8.9800e-03 8.7160e-01 7.7532e-01 5.0959e-01 1.8100e-02 4.9079e+00 6.8794e-01 4.7294e+00 3.0000e-03 7.7000e-01 3.0390e-01 6.1896e-01 -2.5800e-03 3.4794e+00 -5.7407e-02 3.2947e-01 9.4400e-03 8.9740e-02 8.6200e-03 4.2260e-02
