# Omega - roots -     T    - rhoB  - rhoQ -rhoP - sigma^2(P) - Ssigma(P) - Ksigma^2(P) - rhoQ - sigma^2(Q) - Ssigma(Q) - Ksigma^2(Q) - rhoK - sigma^2(K) - Ssigma(K) - Ksigma^2(K) - rhoPi - sigma^2(Pi) - Ssigma(Pi) - Ksigma^2(Pi) - TotrhoP - TotrhoQ - TotrhoK - TotrhoPi
 100.0   11.5 140.00 0.0500 0.0250 1.0490e-02 1.0806e+00 7.5887e-01 7.3679e-02 1.7370e-02 4.0338e+00 2.2259e-01 -4.1417e-01 2.9200e-03 6.7474e-01 1.7790e-01 9.6859e-01 -1.9100e-03 3.3085e+00 1.4380e-01 7.1091e-01 1.0990e-02 8.8270e-02 8.2400e-03 4.1490e-02
 100.0   11.5 140.00 0.0500 0.0250 1.0000e-02 1.0000e+00 8.6400e-01 6.4000e-01 1.6010e-02 4.3498e+00 3.6122e-01 1.3468e+00 2.6700e-03 6.1171e-01 3.1058e-01 1.0639e+00 -2.9100e-03 3.3903e+00 -1.2760e-01 3.7132e-01 1.0680e-02 8.6710e-02 7.9500e-03 3.9890e-02
 100.0   11.5 140.00 0.0500 0.0250 9.7300e-03 9.0627e-01 7.5301e-01 5.0400e-01 1.6710e-02 4.2728e+00 -8.0083e-02 -5.2176e-01 2.5100e-03 7.1600e-01 6.9888e-02 4.4717e-01 -2.0300e-03 2.9898e+00 -7.2196e-02 7.4334e-02 1.0190e-02 8.7330e-02 8.9500e-03 4.0970e-02
 100.0   11.5 140.00 0.0500 0.0250 1.0020e-02 1.0420e+00 9.5754e-01 1.4249e+00 1.7880e-02 4.4651e+00 7.5991e-02 4.5184e-01 2.7200e-03 6.4802e-01 2.0230e-01 3.8651e-01 -1.8900e-03 3.1273e+00 1.4419e-01 2.3294e+00 1.0620e-02 8.7060e-02 8.2000e-03 3.9830e-02
 100.0   11.5 140.00 0.0500 0.0250 1.0200e-02 8.9560e-01 7.0596e-01 5.1917e-01 1.6040e-02 4.6992e+00 1.7721e-01 -2.7707e-01 2.8000e-03 6.8960e-01 1.9545e-01 2.9563e-01 -2.8100e-03 3.2860e+00 -3.0030e-02 1.2285e+00 1.0540e-02 8.6180e-02 8.3200e-03 3.9690e-02
 100.0   11.5 140.00 0.0500 0.0250 9.3900e-03 8.7528e-01 6.8938e-01 5.9792e-02 1.6130e-02 4.4612e+00 8.5279e-02 6.7444e-01 2.5500e-03 6.4597e-01 3.4715e-01 8.2691e-01 -1.5000e-03 3.0295e+00 1.5399e-02 1.9372e+00 9.7700e-03 8.4990e-02 8.1900e-03 4.0460e-02
 100.0   11.5 140.00 0.0500 0.0250 9.8700e-03 1.0068e+00 9.3190e-01 8.1607e-01 1.7070e-02 4.4472e+00 3.4899e-02 -8.3618e-01 3.0500e-03 6.5797e-01 2.4405e-01 3.5928e-01 -2.3800e-03 3.1274e+00 -2.6719e-01 -1.7991e-01 1.0210e-02 8.5390e-02 7.8500e-03 4.0000e-02
 100.0   11.5 140.00 0.0500 0.0250 9.7400e-03 9.4332e-01 7.3739e-01 5.3315e-01 1.5130e-02 4.4998e+00 -8.6947e-02 5.4888e-01 2.7000e-03 7.1310e-01 6.2692e-02 7.3897e-01 -2.6900e-03 3.1066e+00 -4.3020e-01 8.1287e-01 1.0360e-02 8.6850e-02 8.6800e-03 4.0750e-02
 100.0   11.5 140.00 0.0500 0.0250 9.7500e-03 9.6038e-01 8.6117e-01 8.5086e-01 1.7240e-02 4.2718e+00 5.9013e-02 5.0906e-01 3.1600e-03 7.1414e-01 1.8125e-01 6.5890e-01 -2.5400e-03 3.0715e+00 -1.7488e-01 2.6538e-01 1.0370e-02 8.6540e-02 8.4200e-03 4.0740e-02
 100.0   11.5 140.00 0.0500 0.0250 1.0020e-02 9.5400e-01 7.3824e-01 1.9499e-01 1.4810e-02 4.4496e+00 -3.1714e-02 4.7651e-01 2.1100e-03 6.6648e-01 7.4608e-02 5.5281e-01 -3.4200e-03 3.2910e+00 1.9040e-01 9.6297e-01 1.0440e-02 8.7010e-02 7.9300e-03 4.0980e-02
