# Omega - roots -     T    - rhoB  - rhoQ -rhoP - sigma^2(P) - Ssigma(P) - Ksigma^2(P) - rhoQ - sigma^2(Q) - Ssigma(Q) - Ksigma^2(Q) - rhoK - sigma^2(K) - Ssigma(K) - Ksigma^2(K) - rhoPi - sigma^2(Pi) - Ssigma(Pi) - Ksigma^2(Pi) - TotrhoP - TotrhoQ - TotrhoK - TotrhoPi
 100.0   62.4 140.00 0.0000 0.0000 1.3000e-04 1.1483e-01 1.2644e-01 7.5389e-01 -1.6000e-04 2.5577e+00 -2.1591e-02 3.0041e-01 1.2000e-04 4.6586e-01 9.2791e-02 5.2475e-01 2.4000e-04 1.8454e+00 3.8536e-02 2.9480e-01 1.4500e-03 4.8940e-02 5.4800e-03 2.5980e-02
 100.0   62.4 140.00 0.0000 0.0000 -1.0000e-04 1.0390e-01 -6.6237e-02 9.1700e-01 -4.9000e-04 2.4186e+00 1.6400e-01 -4.0012e-04 -1.4000e-04 4.3980e-01 -1.3989e-01 6.2699e-01 -7.0000e-05 1.9710e+00 2.2275e-03 4.2649e-01 1.2600e-03 4.9270e-02 5.4000e-03 2.6510e-02
 100.0   62.4 140.00 0.0000 0.0000 6.0000e-05 1.0996e-01 -1.8169e-01 1.1111e+00 -4.3000e-04 2.5012e+00 -3.3073e-03 2.8889e-01 -6.0000e-05 5.0796e-01 -4.1059e-02 7.5066e-01 2.7000e-04 1.9623e+00 1.6513e-01 2.6495e-01 1.2800e-03 5.0750e-02 5.9400e-03 2.7510e-02
 100.0   62.4 140.00 0.0000 0.0000 6.0000e-05 1.0396e-01 9.7422e-02 8.0132e-01 2.1000e-04 2.6166e+00 2.8899e-01 3.1469e-01 -4.2000e-04 4.5824e-01 -1.7869e-02 6.6304e-01 2.8000e-04 1.9252e+00 2.2037e-01 7.2410e-01 1.1600e-03 4.9910e-02 5.7600e-03 2.6500e-02
 100.0   62.4 140.00 0.0000 0.0000 2.2000e-04 1.0752e-01 1.3852e-01 6.6686e-01 1.0600e-03 2.7668e+00 -9.0438e-03 1.4577e+00 4.2000e-04 4.5224e-01 9.9382e-02 3.6288e-01 3.5000e-04 1.8598e+00 1.5576e-01 5.8635e-01 1.3400e-03 5.0500e-02 5.9600e-03 2.6410e-02
 100.0   62.4 140.00 0.0000 0.0000 7.0000e-05 1.0895e-01 9.8317e-02 7.8069e-01 -3.7000e-04 2.5696e+00 -1.0886e-01 2.7221e-01 -1.1000e-04 4.7888e-01 7.2679e-02 5.4337e-01 -3.8000e-04 1.7766e+00 -1.5390e-01 6.5779e-01 1.2700e-03 4.8610e-02 5.7100e-03 2.5740e-02
 100.0   62.4 140.00 0.0000 0.0000 4.0000e-05 8.9984e-02 -1.0091e-01 9.9846e-01 3.4000e-04 2.6068e+00 1.2278e-01 -1.4137e-01 -2.2000e-04 4.7552e-01 -8.1186e-02 8.2621e-01 3.2000e-04 1.9230e+00 6.4151e-02 2.7191e-01 1.0800e-03 5.0100e-02 5.6200e-03 2.7420e-02
 100.0   62.4 140.00 0.0000 0.0000 -2.0000e-05 1.0200e-01 -7.2434e-02 8.1110e-01 3.8000e-04 2.7386e+00 1.1594e-02 4.0327e-01 7.0000e-05 4.5895e-01 -1.8877e-01 9.8787e-01 -3.2000e-04 2.1130e+00 2.8532e-01 1.2798e+00 1.1200e-03 5.0080e-02 5.5100e-03 2.6920e-02
 100.0   62.4 140.00 0.0000 0.0000 0.0000e+00 1.1400e-01 -1.5789e-01 9.7379e-01 -3.8000e-04 2.7106e+00 -2.0547e-01 9.4834e-01 -4.4000e-04 5.1006e-01 6.9430e-02 4.6231e-01 -2.1000e-04 1.9946e+00 -3.2656e-01 2.2071e-01 1.3200e-03 5.0600e-02 6.0400e-03 2.7010e-02
 100.0   62.4 140.00 0.0000 0.0000 8.0000e-05 1.0394e-01 1.1069e-01 1.0312e+00 -5.0000e-05 2.7830e+00 -1.5927e-01 3.4024e-01 4.0000e-05 5.3398e-01 -4.5093e-03 7.0146e-01 -3.5000e-04 1.8718e+00 -1.7012e-01 8.0354e-01 1.1200e-03 4.9410e-02 5.8800e-03 2.6030e-02
