# Omega - roots -     T    - rhoB  - rhoQ -rhoP - sigma^2(P) - Ssigma(P) - Ksigma^2(P) - rhoQ - sigma^2(Q) - Ssigma(Q) - Ksigma^2(Q) - rhoK - sigma^2(K) - Ssigma(K) - Ksigma^2(K) - rhoPi - sigma^2(Pi) - Ssigma(Pi) - Ksigma^2(Pi) - TotrhoP - TotrhoQ - TotrhoK - TotrhoPi
 100.0   11.5 140.00 0.1000 0.0500 1.5110e-02 1.3779e+00 7.3104e-01 1.3755e-01 2.5330e-02 5.9989e+00 3.3195e-01 -1.8559e-01 3.9800e-03 6.3960e-01 2.4903e-01 5.6942e-01 -4.4800e-03 3.4073e+00 4.8520e-02 6.7497e-01 1.5270e-02 9.5930e-02 7.4200e-03 4.0220e-02
 100.0   11.5 140.00 0.1000 0.0500 1.4030e-02 1.2886e+00 8.7820e-01 6.6068e-01 2.5240e-02 6.0654e+00 7.0444e-02 1.9633e+00 3.6100e-03 6.3068e-01 4.1373e-01 4.3893e-01 -3.7500e-03 3.3924e+00 6.2539e-02 1.4457e+00 1.4330e-02 9.5400e-02 7.1700e-03 4.1390e-02
 100.0   11.5 140.00 0.1000 0.0500 1.4030e-02 1.2966e+00 7.4038e-01 1.8374e-01 2.5110e-02 6.1119e+00 2.0257e-01 2.3322e-01 3.3100e-03 6.3744e-01 3.4475e-01 6.6833e-01 -2.1400e-03 3.6082e+00 -2.8095e-01 1.8744e+00 1.4190e-02 9.3490e-02 7.0500e-03 4.0340e-02
 100.0   11.5 140.00 0.1000 0.0500 1.3430e-02 1.2574e+00 9.4869e-01 1.2584e+00 2.4490e-02 6.0514e+00 4.2060e-01 2.1202e-01 3.4400e-03 6.4966e-01 3.1222e-01 2.3309e-01 -2.8500e-03 3.4018e+00 -7.9174e-02 9.5035e-02 1.3650e-02 9.4070e-02 7.1200e-03 4.0890e-02
 100.0   11.5 140.00 0.1000 0.0500 1.3560e-02 1.2293e+00 7.5657e-01 2.5020e-01 2.4840e-02 5.8777e+00 5.2424e-02 2.3022e+00 3.5000e-03 5.8350e-01 3.7095e-01 5.0330e-01 -2.8400e-03 3.5613e+00 -3.7369e-01 8.0383e-01 1.3700e-02 9.2900e-02 7.0000e-03 4.0340e-02
 100.0   11.5 140.00 0.1000 0.0500 1.4190e-02 1.3774e+00 9.7572e-01 1.2448e+00 2.5130e-02 5.8578e+00 -1.0790e-02 -5.3923e-01 3.2100e-03 6.3196e-01 5.0849e-01 8.0852e-01 -2.7300e-03 3.2765e+00 -3.4220e-01 1.1751e+00 1.4470e-02 9.5430e-02 6.6700e-03 4.1410e-02
 100.0   11.5 140.00 0.1000 0.0500 1.3580e-02 1.3838e+00 9.5523e-01 7.0636e-01 2.4910e-02 6.1239e+00 6.2184e-01 2.3620e-01 3.7300e-03 6.7787e-01 5.7617e-01 7.7673e-01 -3.5300e-03 3.6104e+00 -1.3173e-01 9.0844e-01 1.3820e-02 9.4510e-02 7.2900e-03 4.0470e-02
 100.0   11.5 140.00 0.1000 0.0500 1.4040e-02 1.4268e+00 8.1638e-01 5.0929e-02 2.5750e-02 5.7824e+00 1.5224e-01 -8.8465e-01 4.1000e-03 6.3990e-01 5.1258e-01 5.0633e-01 -3.2500e-03 3.6774e+00 -3.0541e-03 -3.5530e-01 1.4220e-02 9.5390e-02 7.2400e-03 4.0850e-02
 100.0   11.5 140.00 0.1000 0.0500 1.4340e-02 1.4136e+00 1.1245e+00 1.9425e+00 2.7050e-02 6.0600e+00 8.1147e-02 -3.8324e-01 4.2100e-03 6.5376e-01 3.6815e-01 3.3167e-01 -2.1100e-03 3.1925e+00 -4.0961e-02 1.1440e+00 1.4480e-02 9.5390e-02 7.4500e-03 4.0870e-02
 100.0   11.5 140.00 0.1000 0.0500 1.3170e-02 1.3645e+00 1.1268e+00 2.1436e+00 2.5680e-02 5.9634e+00 7.5990e-02 -1.2087e-01 3.6800e-03 5.3258e-01 3.8342e-01 5.2091e-01 -2.4700e-03 3.3780e+00 1.6435e-01 7.8976e-02 1.3250e-02 9.4580e-02 6.7800e-03 4.1090e-02
