# Omega - roots -     T    - rhoB  - rhoQ -rhoP - sigma^2(P) - Ssigma(P) - Ksigma^2(P) - rhoQ - sigma^2(Q) - Ssigma(Q) - Ksigma^2(Q) - rhoK - sigma^2(K) - Ssigma(K) - Ksigma^2(K) - rhoPi - sigma^2(Pi) - Ssigma(Pi) - Ksigma^2(Pi) - TotrhoP - TotrhoQ - TotrhoK - TotrhoPi
 100.0    7.7 140.00 0.0000 0.0000 1.0000e-04 1.0190e-01 1.2701e-01 8.0736e-01 -3.0000e-04 3.8591e+00 -3.1579e-01 5.1177e-01 9.0000e-05 5.1292e-01 8.4127e-02 5.3408e-01 -3.6000e-04 2.9907e+00 -1.6282e-01 1.4865e+00 1.1400e-03 6.9240e-02 6.2900e-03 4.0300e-02
 100.0    7.7 140.00 0.0000 0.0000 1.1000e-04 1.2088e-01 1.0763e-01 1.1293e+00 1.3100e-03 3.7758e+00 1.2258e-01 5.4730e-01 1.4000e-04 5.6980e-01 -6.9050e-03 8.2751e-01 -1.0000e-05 2.9470e+00 7.7992e-02 6.0858e-01 1.3700e-03 7.0110e-02 6.3800e-03 4.0150e-02
 100.0    7.7 140.00 0.0000 0.0000 4.0000e-05 1.0598e-01 8.2353e-02 7.9401e-01 8.8000e-04 3.7863e+00 -2.1083e-01 2.5983e-01 3.4000e-04 4.5684e-01 9.0540e-02 4.7956e-01 7.0000e-04 2.7231e+00 3.4659e-01 1.0568e+00 1.1800e-03 7.0780e-02 5.7000e-03 4.1080e-02
 100.0    7.7 140.00 0.0000 0.0000 -7.0000e-05 1.1695e-01 1.2452e-02 9.5744e-01 7.4000e-04 3.8045e+00 -4.4949e-02 1.3648e+00 1.1000e-04 5.3288e-01 2.1419e-02 7.7359e-01 2.6000e-04 2.9213e+00 -7.5268e-02 2.2423e+00 1.3100e-03 7.1540e-02 6.3500e-03 4.1120e-02
 100.0    7.7 140.00 0.0000 0.0000 3.0000e-05 9.2991e-02 2.3261e-02 7.2079e-01 -1.2200e-03 3.6971e+00 -1.1118e-01 1.6421e+00 4.0000e-05 5.3398e-01 -4.5093e-03 7.0146e-01 -6.0000e-04 2.8644e+00 -2.2420e-01 7.8258e-01 1.0300e-03 7.1120e-02 6.3800e-03 4.1120e-02
 100.0    7.7 140.00 0.0000 0.0000 1.0000e-05 1.1100e-01 -2.1021e-01 1.5327e+00 -8.9000e-04 3.8251e+00 2.0627e-01 1.9007e+00 -5.8000e-04 4.8264e-01 4.1799e-02 5.6795e-01 -5.7000e-04 3.0658e+00 -1.1370e-01 8.0022e-01 1.2900e-03 7.0470e-02 6.0800e-03 4.0550e-02
 100.0    7.7 140.00 0.0000 0.0000 -1.3000e-04 8.8831e-02 -1.7486e-01 8.6039e-01 1.2000e-03 3.7036e+00 2.8344e-02 3.8812e-01 -8.0000e-05 4.8594e-01 -1.2828e-01 8.9604e-01 1.0100e-03 2.6588e+00 -4.4248e-02 9.7057e-02 1.1900e-03 6.9080e-02 5.7200e-03 3.9530e-02
 100.0    7.7 140.00 0.0000 0.0000 -1.8000e-04 1.0568e-01 -1.1628e-01 9.0283e-01 -7.0000e-04 3.7831e+00 -7.8033e-02 1.3689e+00 -1.0000e-05 5.0900e-01 -2.2540e-02 5.1024e-01 -6.4000e-04 3.0319e+00 -7.8371e-02 -1.4403e-01 1.1800e-03 7.0120e-02 6.3700e-03 4.0260e-02
 100.0    7.7 140.00 0.0000 0.0000 -6.0000e-05 1.0596e-01 -3.8621e-02 6.8130e-01 1.1000e-04 3.8769e+00 1.7722e-01 1.2467e+00 1.6000e-04 4.6174e-01 1.8156e-01 6.1572e-01 -9.0000e-05 2.8269e+00 9.8102e-02 1.4833e+00 1.3400e-03 7.1130e-02 5.8400e-03 4.1870e-02
 100.0    7.7 140.00 0.0000 0.0000 2.0000e-05 1.0200e-01 -4.5217e-02 8.1204e-01 -4.9000e-04 3.9606e+00 -5.1678e-02 3.4409e-01 7.0000e-05 5.3895e-01 -8.5942e-02 6.5448e-01 -8.6000e-04 3.0486e+00 1.0601e-01 7.7999e-01 1.1800e-03 7.1450e-02 6.3500e-03 4.0780e-02
