# Omega - roots -     T    - rhoB  - rhoQ -rhoP - sigma^2(P) - Ssigma(P) - Ksigma^2(P) - rhoQ - sigma^2(Q) - Ssigma(Q) - Ksigma^2(Q) - rhoK - sigma^2(K) - Ssigma(K) - Ksigma^2(K) - rhoPi - sigma^2(Pi) - Ssigma(Pi) - Ksigma^2(Pi) - TotrhoP - TotrhoQ - TotrhoK - TotrhoPi
 100.0   27.0 140.00 0.0500 0.0250 1.0410e-02 1.0093e+00 8.7463e-01 7.3303e-01 1.6600e-02 4.2244e+00 2.6565e-01 7.7599e-01 3.2800e-03 7.3842e-01 4.0372e-01 1.1523e+00 -3.6100e-03 3.1287e+00 -2.1402e-01 -2.8164e-01 1.0970e-02 8.8960e-02 8.6800e-03 4.1890e-02
 100.0   27.0 140.00 0.0500 0.0250 9.2600e-03 9.2652e-01 8.9376e-01 1.3333e+00 1.6210e-02 4.7294e+00 8.6422e-02 1.6915e+00 2.8700e-03 6.9263e-01 3.8549e-01 8.6651e-01 -2.5300e-03 3.1090e+00 -3.2264e-01 5.1151e-01 9.7400e-03 8.6530e-02 8.1500e-03 4.0690e-02
 100.0   27.0 140.00 0.0500 0.0250 9.5900e-03 9.6132e-01 8.4812e-01 7.0592e-01 1.6320e-02 4.4086e+00 7.2337e-02 9.7605e-02 3.4300e-03 7.0335e-01 1.4345e-01 5.7457e-01 -3.6100e-03 3.2887e+00 1.2093e-01 2.8539e-01 9.9900e-03 8.8740e-02 8.8500e-03 4.1630e-02
 100.0   27.0 140.00 0.0500 0.0250 9.9900e-03 1.0270e+00 1.0127e+00 1.1597e+00 1.6660e-02 4.6944e+00 -3.0992e-01 9.7439e-01 3.0700e-03 7.0475e-01 3.5898e-01 6.2276e-01 -2.2500e-03 3.2964e+00 -2.5621e-01 -2.3517e-01 1.0350e-02 8.7780e-02 8.6500e-03 4.1570e-02
 100.0   27.0 140.00 0.0500 0.0250 9.7300e-03 9.3027e-01 6.9697e-01 8.6794e-02 1.6320e-02 4.2146e+00 3.9085e-02 1.3386e+00 2.9300e-03 6.3915e-01 2.7229e-01 5.1146e-01 -2.6200e-03 3.1454e+00 -3.7508e-01 2.1799e-01 1.0190e-02 8.6960e-02 8.1100e-03 4.0880e-02
 100.0   27.0 140.00 0.0500 0.0250 1.0140e-02 9.9780e-01 8.7401e-01 1.1797e+00 1.6460e-02 3.9847e+00 -6.3720e-02 -7.1880e-02 2.9300e-03 6.8515e-01 3.4386e-01 4.3537e-01 -2.5200e-03 2.9585e+00 -1.6136e-01 1.6340e-01 1.0600e-02 8.7160e-02 8.2500e-03 4.1100e-02
 100.0   27.0 140.00 0.0500 0.0250 9.6300e-03 9.5563e-01 8.6344e-01 7.1531e-01 1.6100e-02 4.8979e+00 3.9443e-01 1.4558e+00 2.9500e-03 7.3397e-01 5.2013e-01 9.5854e-01 -3.2100e-03 3.3660e+00 -1.2255e-01 1.4233e+00 1.0070e-02 8.6440e-02 8.4900e-03 4.0090e-02
 100.0   27.0 140.00 0.0500 0.0250 9.8800e-03 9.7186e-01 9.0650e-01 9.3011e-01 1.5720e-02 4.3888e+00 2.6528e-03 2.5860e-02 2.7300e-03 7.7847e-01 1.6839e-01 3.7270e-01 -2.9700e-03 3.2928e+00 -2.2258e-01 7.8243e-01 1.0360e-02 8.7460e-02 8.7900e-03 4.1210e-02
 100.0   27.0 140.00 0.0500 0.0250 1.0120e-02 1.0199e+00 8.5824e-01 4.1652e-01 1.7000e-02 4.0400e+00 -5.4208e-02 -7.0124e-02 3.0100e-03 7.7040e-01 1.3767e-01 7.0322e-01 -3.3500e-03 3.1368e+00 -2.7081e-02 2.0797e-01 1.0420e-02 8.9900e-02 8.8500e-03 4.2130e-02
 100.0   27.0 140.00 0.0500 0.0250 1.0180e-02 1.0057e+00 9.9603e-01 1.5251e+00 1.6320e-02 4.3726e+00 4.8099e-01 1.4599e-01 2.8200e-03 6.6248e-01 3.6095e-01 5.9358e-01 -2.5600e-03 3.0925e+00 1.9007e-01 -7.4505e-02 1.0640e-02 8.7400e-02 8.2400e-03 4.0940e-02
