# Omega - roots -     T    - rhoB  - rhoQ -rhoP - sigma^2(P) - Ssigma(P) - Ksigma^2(P) - rhoQ - sigma^2(Q) - Ssigma(Q) - Ksigma^2(Q) - rhoK - sigma^2(K) - Ssigma(K) - Ksigma^2(K) - rhoPi - sigma^2(Pi) - Ssigma(Pi) - Ksigma^2(Pi) - TotrhoP - TotrhoQ - TotrhoK - TotrhoPi
 250.0   11.5 140.00 0.0500 0.0250 7.1560e-03 1.6165e+00 6.6789e-01 -5.9757e-02 1.2320e-02 9.0316e+00 1.7936e-01 1.1541e+00 2.2560e-03 1.1699e+00 2.5739e-01 7.6640e-01 -2.3360e-03 5.5009e+00 2.2157e-01 6.4624e-01 7.3880e-03 6.2128e-02 5.5040e-03 2.8536e-02
 250.0   11.5 140.00 0.0500 0.0250 7.0520e-03 1.7428e+00 8.0987e-01 7.3569e-01 1.2404e-02 9.8828e+00 1.5152e-01 -1.3986e+00 2.0960e-03 1.2914e+00 1.5797e-01 5.7001e-01 -2.1160e-03 5.8172e+00 -8.1334e-02 1.7401e-01 7.3720e-03 6.2652e-02 5.6400e-03 2.8476e-02
 250.0   11.5 140.00 0.0500 0.0250 7.0920e-03 1.7775e+00 1.0291e+00 1.4309e+00 1.2840e-02 9.8859e+00 1.3986e-01 -1.6183e+00 2.2080e-03 1.2373e+00 4.1449e-01 8.5513e-01 -1.9600e-03 5.6199e+00 4.8665e-01 -2.7173e-01 7.3320e-03 6.2648e-02 5.5360e-03 2.8872e-02
 250.0   11.5 140.00 0.0500 0.0250 7.0960e-03 1.6789e+00 7.0751e-01 7.0484e-02 1.2584e-02 8.9507e+00 -4.1399e-01 1.4451e+00 2.1160e-03 1.1532e+00 2.4706e-01 7.2696e-01 -1.8680e-03 5.9069e+00 1.3551e-01 7.0908e-01 7.3440e-03 6.2240e-02 5.5000e-03 2.8724e-02
 250.0   11.5 140.00 0.0500 0.0250 7.1880e-03 1.8898e+00 9.5685e-01 3.6428e-01 1.3548e-02 1.0129e+01 1.7109e-01 2.6683e+00 2.1680e-03 1.1362e+00 2.7394e-01 7.6136e-01 -1.4240e-03 5.7273e+00 3.8619e-01 -2.3776e-02 7.4200e-03 6.3172e-02 5.3280e-03 2.9080e-02
 250.0   11.5 140.00 0.0500 0.0250 7.0440e-03 1.5859e+00 7.1867e-01 4.1917e-01 1.2412e-02 9.4564e+00 4.9045e-01 1.8460e+00 2.1680e-03 1.1182e+00 3.6354e-01 2.2715e-01 -1.8880e-03 5.6672e+00 -5.5771e-02 -3.7404e-01 7.2360e-03 6.2556e-02 5.5200e-03 2.8712e-02
 250.0   11.5 140.00 0.0500 0.0250 7.2200e-03 1.8190e+00 1.0063e+00 1.3251e+00 1.2480e-02 9.9476e+00 -7.1260e-02 3.3550e+00 2.2520e-03 1.1540e+00 2.5076e-01 4.2695e-01 -1.8880e-03 5.9172e+00 -1.4873e-01 4.4327e-01 7.4920e-03 6.2000e-02 5.4920e-03 2.7872e-02
 250.0   11.5 140.00 0.0500 0.0250 6.8880e-03 1.6647e+00 9.6464e-01 1.1918e+00 1.2484e-02 9.9404e+00 4.2100e-01 3.6872e+00 2.0760e-03 1.1216e+00 2.1469e-01 3.0629e-01 -1.8240e-03 6.5181e+00 -2.4309e-01 7.4948e-01 7.0880e-03 6.2932e-02 5.4760e-03 2.9256e-02
 250.0   11.5 140.00 0.0500 0.0250 6.9640e-03 1.6419e+00 9.0025e-01 7.6454e-01 1.2264e-02 9.6636e+00 4.4272e-01 1.9607e+00 2.1920e-03 1.2997e+00 3.4526e-01 3.0834e-01 -2.1520e-03 5.4866e+00 3.9388e-01 4.0016e-02 7.1240e-03 6.3048e-02 5.5680e-03 2.8480e-02
 250.0   11.5 140.00 0.0500 0.0250 6.9400e-03 1.5968e+00 8.9245e-01 1.1415e+00 1.2700e-02 9.4864e+00 1.9368e-01 4.9681e-01 1.9160e-03 1.0796e+00 2.8324e-01 3.4087e-01 -1.9520e-03 5.7779e+00 -1.6113e-01 3.9103e-01 7.1560e-03 6.2748e-02 5.4200e-03 2.8792e-02
