# Omega - roots -     T    - rhoB  - rhoQ -rhoP - sigma^2(P) - Ssigma(P) - Ksigma^2(P) - rhoQ - sigma^2(Q) - Ssigma(Q) - Ksigma^2(Q) - rhoK - sigma^2(K) - Ssigma(K) - Ksigma^2(K) - rhoPi - sigma^2(Pi) - Ssigma(Pi) - Ksigma^2(Pi) - TotrhoP - TotrhoQ - TotrhoK - TotrhoPi
 100.0   11.5 140.00 0.1500 0.0750 2.1360e-02 2.0315e+00 8.0956e-01 6.8349e-01 3.7300e-02 7.6391e+00 6.8848e-01 -1.2989e+00 4.5500e-03 6.8197e-01 5.4534e-01 2.8576e-01 -4.4200e-03 4.0186e+00 3.4107e-02 1.2430e+00 2.1520e-02 1.1592e-01 7.5700e-03 4.5420e-02
 100.0   11.5 140.00 0.1500 0.0750 2.1490e-02 2.0068e+00 8.9030e-01 6.7103e-01 3.8340e-02 7.7704e+00 -7.3929e-04 2.1287e+00 4.8000e-03 7.1560e-01 6.0221e-01 7.5462e-01 -5.0400e-03 4.0860e+00 2.6440e-02 -5.6770e-02 2.1670e-02 1.1606e-01 7.9400e-03 4.5580e-02
 100.0   11.5 140.00 0.1500 0.0750 2.0840e-02 2.1769e+00 9.5492e-01 7.5705e-01 3.6850e-02 7.6198e+00 1.5262e-01 2.4924e-01 5.2800e-03 7.5522e-01 5.5685e-01 9.5045e-01 -4.5700e-03 3.6962e+00 8.6217e-03 4.2298e-01 2.0960e-02 1.1579e-01 8.0200e-03 4.6170e-02
 100.0   11.5 140.00 0.1500 0.0750 2.1220e-02 1.8611e+00 6.9153e-01 1.5596e-01 3.8070e-02 8.1618e+00 2.8570e-01 1.1903e+00 4.8400e-03 6.2974e-01 4.9898e-01 5.4929e-01 -4.4100e-03 4.1325e+00 -1.8853e-02 1.1084e+00 2.1380e-02 1.1703e-01 7.4800e-03 4.6850e-02
 100.0   11.5 140.00 0.1500 0.0750 2.1000e-02 1.9320e+00 9.9969e-01 1.5940e+00 3.9290e-02 7.9580e+00 2.9761e-01 1.3591e+00 4.6600e-03 6.7284e-01 4.3720e-01 3.8000e-01 -3.4700e-03 4.2146e+00 6.6002e-02 1.3433e+00 2.1180e-02 1.1497e-01 7.8800e-03 4.5170e-02
 100.0   11.5 140.00 0.1500 0.0750 2.1680e-02 2.0198e+00 8.9579e-01 7.8961e-01 3.8550e-02 7.9540e+00 6.9777e-01 2.1374e+00 4.7900e-03 6.7556e-01 3.4389e-01 6.2776e-01 -3.7000e-03 3.8211e+00 -1.4968e-01 -7.2298e-02 2.2020e-02 1.1561e-01 8.2700e-03 4.5780e-02
 100.0   11.5 140.00 0.1500 0.0750 2.1320e-02 1.9126e+00 1.0929e+00 2.2630e+00 3.7490e-02 7.8340e+00 6.0580e-01 3.4345e+00 4.9300e-03 7.1395e-01 3.6311e-01 4.5433e-01 -4.6400e-03 3.9067e+00 -3.9060e-01 8.0934e-01 2.1480e-02 1.1521e-01 7.8500e-03 4.5640e-02
 100.0   11.5 140.00 0.1500 0.0750 2.1520e-02 2.0349e+00 1.0559e+00 1.8038e+00 3.7930e-02 7.4902e+00 1.6999e-01 -1.0584e+00 4.5000e-03 7.1950e-01 7.2488e-01 1.4329e+00 -4.8500e-03 4.0998e+00 -1.3263e-01 -6.5122e-01 2.1660e-02 1.1543e-01 7.7200e-03 4.6490e-02
 100.0   11.5 140.00 0.1500 0.0750 2.1090e-02 2.0311e+00 8.9583e-01 8.9036e-01 3.7440e-02 7.2205e+00 2.2631e-01 1.0767e+00 4.3800e-03 7.0416e-01 5.6907e-01 1.1178e+00 -4.9900e-03 4.1380e+00 -1.4649e-01 1.5848e-01 2.1270e-02 1.1552e-01 7.3400e-03 4.6830e-02
 100.0   11.5 140.00 0.1500 0.0750 2.1520e-02 2.0369e+00 7.4214e-01 1.3117e-01 3.8170e-02 7.5295e+00 4.3228e-01 3.7170e+00 4.4300e-03 6.6875e-01 3.9670e-01 3.0991e-01 -4.0100e-03 3.9622e+00 4.8964e-02 2.4473e+00 2.1740e-02 1.1519e-01 7.4900e-03 4.4910e-02
