# Omega - roots -     T    - rhoB  - rhoQ -rhoP - sigma^2(P) - Ssigma(P) - Ksigma^2(P) - rhoQ - sigma^2(Q) - Ssigma(Q) - Ksigma^2(Q) - rhoK - sigma^2(K) - Ssigma(K) - Ksigma^2(K) - rhoPi - sigma^2(Pi) - Ssigma(Pi) - Ksigma^2(Pi) - TotrhoP - TotrhoQ - TotrhoK - TotrhoPi
 100.0   19.6 140.00 0.0500 0.0250 9.5800e-03 9.5224e-01 8.0028e-01 2.0970e-01 1.6950e-02 4.2620e+00 1.9493e-02 7.3008e-01 2.5100e-03 6.5000e-01 3.1960e-01 7.1271e-01 -2.0100e-03 3.2826e+00 -1.8689e-01 7.2931e-01 1.0160e-02 8.6670e-02 7.7900e-03 4.1210e-02
 100.0   19.6 140.00 0.0500 0.0250 9.9900e-03 9.9500e-01 7.9798e-01 6.7146e-01 1.6950e-02 4.5420e+00 -1.8158e-01 7.5836e-01 2.8200e-03 6.8248e-01 3.6074e-01 7.4289e-01 -2.3200e-03 2.9202e+00 -2.6473e-01 1.3165e+00 1.0610e-02 8.7470e-02 8.1800e-03 4.0420e-02
 100.0   19.6 140.00 0.0500 0.0250 9.9300e-03 9.9295e-01 9.1430e-01 7.4150e-01 1.6360e-02 4.3835e+00 1.9870e-01 1.5395e+00 2.5200e-03 7.4450e-01 4.2418e-03 3.1470e-01 -3.3400e-03 3.1784e+00 1.1957e-01 9.9871e-01 1.0430e-02 8.8100e-02 8.7200e-03 4.0520e-02
 100.0   19.6 140.00 0.0500 0.0250 1.0000e-02 1.0080e+00 8.3929e-01 5.5933e-01 1.7470e-02 4.5650e+00 9.7267e-02 -5.0028e-02 2.8000e-03 6.7560e-01 3.1460e-01 5.4869e-01 -2.3200e-03 3.4762e+00 -2.4225e-01 1.3232e+00 1.0480e-02 8.6190e-02 8.4600e-03 4.0200e-02
 100.0   19.6 140.00 0.0500 0.0250 9.7500e-03 9.7638e-01 8.8516e-01 8.3558e-01 1.7620e-02 4.6094e+00 6.7810e-02 5.9244e-03 2.5100e-03 6.8000e-01 1.4875e-01 6.1947e-01 -1.8200e-03 3.2429e+00 -1.1521e-02 -2.2990e-01 1.0170e-02 8.7580e-02 8.5700e-03 4.1080e-02
 100.0   19.6 140.00 0.0500 0.0250 1.0270e-02 1.0063e+00 8.4020e-01 5.8189e-01 1.8080e-02 4.4151e+00 3.0853e-01 7.3202e-01 2.8300e-03 6.7091e-01 1.9188e-01 4.5625e-01 -1.8700e-03 3.2560e+00 1.1676e-01 3.0030e-01 1.0670e-02 8.6900e-02 8.0100e-03 4.0330e-02
 100.0   19.6 140.00 0.0500 0.0250 9.8400e-03 1.0217e+00 9.4843e-01 8.5987e-01 1.6470e-02 4.5144e+00 -2.2212e-02 3.1710e-01 2.8200e-03 6.8848e-01 3.0665e-01 8.8460e-01 -2.8500e-03 3.2198e+00 -2.7624e-02 8.0347e-01 1.0400e-02 8.6230e-02 8.2800e-03 4.1110e-02
 100.0   19.6 140.00 0.0500 0.0250 9.6800e-03 9.4898e-01 8.6528e-01 1.1039e+00 1.8130e-02 4.5140e+00 2.1398e-01 1.1993e+00 2.9300e-03 7.2515e-01 2.1022e-01 8.6867e-01 -1.7500e-03 3.2344e+00 -2.0270e-01 -4.8453e-02 1.0260e-02 8.8570e-02 8.6900e-03 4.1150e-02
 100.0   19.6 140.00 0.0500 0.0250 9.8300e-03 9.4271e-01 7.7763e-01 3.7456e-01 1.7690e-02 4.6136e+00 6.4283e-02 3.4855e-01 2.9500e-03 7.2398e-01 2.3289e-01 6.2713e-01 -2.1400e-03 3.2842e+00 -2.8249e-01 8.2375e-01 1.0270e-02 8.7210e-02 8.6500e-03 4.1460e-02
 100.0   19.6 140.00 0.0500 0.0250 1.0020e-02 9.9000e-01 7.7784e-01 4.3590e-01 1.7110e-02 4.5095e+00 1.3768e-01 9.7876e-01 3.0900e-03 6.9552e-01 1.9949e-01 3.5757e-01 -2.9000e-03 3.3119e+00 -2.5009e-01 2.2794e-01 1.0440e-02 8.8410e-02 8.8100e-03 4.1600e-02
