# Omega - roots -     T    - rhoB  - rhoQ -rhoP - sigma^2(P) - Ssigma(P) - Ksigma^2(P) - rhoQ - sigma^2(Q) - Ssigma(Q) - Ksigma^2(Q) - rhoK - sigma^2(K) - Ssigma(K) - Ksigma^2(K) - rhoPi - sigma^2(Pi) - Ssigma(Pi) - Ksigma^2(Pi) - TotrhoP - TotrhoQ - TotrhoK - TotrhoPi
 100.0   19.6 140.00 0.2000 0.1000 2.8370e-02 2.5644e+00 8.5763e-01 1.0445e+00 5.0520e-02 1.0257e+01 5.6328e-01 4.9170e+00 5.3900e-03 7.0448e-01 4.8442e-01 3.6049e-01 -5.2800e-03 5.0532e+00 -8.0050e-02 3.1264e+00 2.8490e-02 1.3950e-01 8.4900e-03 5.2780e-02
 100.0   19.6 140.00 0.2000 0.1000 2.8280e-02 2.4444e+00 8.4045e-01 9.6185e-01 5.1480e-02 9.7681e+00 1.5927e-01 -1.6607e+00 5.3600e-03 8.0670e-01 5.9852e-01 6.3144e-01 -5.3400e-03 4.5248e+00 -1.6640e-01 -3.9690e-01 2.8320e-02 1.4124e-01 8.6400e-03 5.3000e-02
 100.0   19.6 140.00 0.2000 0.1000 2.9010e-02 2.6292e+00 9.6715e-01 1.3819e+00 5.1560e-02 9.5137e+00 3.8112e-01 -7.3911e-01 5.9700e-03 7.4259e-01 5.9285e-01 5.2027e-01 -5.8600e-03 4.5806e+00 -3.8643e-01 3.8871e+00 2.9150e-02 1.3976e-01 8.5300e-03 5.2780e-02
 100.0   19.6 140.00 0.2000 0.1000 2.8750e-02 2.8334e+00 9.3509e-01 7.4393e-01 5.1210e-02 9.8364e+00 -1.2153e-01 -1.6340e+00 5.3400e-03 7.3484e-01 4.3616e-01 4.1482e-01 -5.5900e-03 4.6645e+00 -7.6305e-02 1.4794e+00 2.8950e-02 1.3973e-01 8.5800e-03 5.2970e-02
 100.0   19.6 140.00 0.2000 0.1000 2.7860e-02 2.4602e+00 7.3703e-01 2.4154e-01 4.9130e-02 9.9274e+00 6.1252e-01 2.0818e+00 5.6500e-03 7.5978e-01 4.4595e-01 2.0579e-01 -6.2800e-03 4.6616e+00 2.1057e-02 6.5133e-01 2.7900e-02 1.3881e-01 8.6900e-03 5.2920e-02
 100.0   19.6 140.00 0.2000 0.1000 2.7980e-02 2.5392e+00 9.2431e-01 9.8397e-01 5.0370e-02 9.6576e+00 2.8174e-01 -1.3677e+00 5.4600e-03 7.8788e-01 6.5324e-01 7.2791e-01 -5.0300e-03 4.6740e+00 -2.3378e-01 -7.6474e-02 2.8100e-02 1.3845e-01 8.5200e-03 5.2290e-02
 100.0   19.6 140.00 0.2000 0.1000 2.8950e-02 2.7600e+00 9.4260e-01 8.1036e-01 5.2860e-02 1.0616e+01 2.4000e-01 1.4207e+00 5.8500e-03 7.7277e-01 6.1412e-01 9.9518e-01 -5.2900e-03 4.7292e+00 -2.5962e-01 2.0438e+00 2.9010e-02 1.4388e-01 8.9500e-03 5.3810e-02
 100.0   19.6 140.00 0.2000 0.1000 2.9010e-02 2.6712e+00 6.8932e-01 1.5389e-01 5.1150e-02 1.0214e+01 8.0927e-01 1.7195e+00 5.8900e-03 7.7208e-01 5.6523e-01 7.5519e-01 -5.1300e-03 4.5178e+00 -1.4101e-01 6.8670e-01 2.9050e-02 1.3921e-01 8.8300e-03 5.2570e-02
 100.0   19.6 140.00 0.2000 0.1000 2.7870e-02 2.5676e+00 8.1919e-01 6.9866e-01 5.0760e-02 9.9082e+00 3.4098e-01 -1.8199e-01 5.2600e-03 7.1132e-01 5.0047e-01 5.6746e-01 -4.0100e-03 4.6502e+00 -3.0801e-01 4.3957e-01 2.8050e-02 1.3708e-01 7.9800e-03 5.1870e-02
 100.0   19.6 140.00 0.2000 0.1000 2.7580e-02 2.6914e+00 8.4645e-01 8.5999e-01 5.0450e-02 9.9730e+00 2.3409e-01 -1.0218e-01 6.1500e-03 7.3677e-01 3.4345e-01 1.4787e-01 -5.0600e-03 4.9720e+00 -2.6287e-01 1.3133e+00 2.7680e-02 1.4053e-01 8.8100e-03 5.3780e-02
