# Omega - roots -     T    - rhoB  - rhoQ -rhoP - sigma^2(P) - Ssigma(P) - Ksigma^2(P) - rhoQ - sigma^2(Q) - Ssigma(Q) - Ksigma^2(Q) - rhoK - sigma^2(K) - Ssigma(K) - Ksigma^2(K) - rhoPi - sigma^2(Pi) - Ssigma(Pi) - Ksigma^2(Pi) - TotrhoP - TotrhoQ - TotrhoK - TotrhoPi
 100.0   27.0 140.00 0.0500 0.0250 7.1800e-03 7.4248e-01 9.6510e-01 1.0665e+00 1.1920e-02 4.0451e+00 7.3403e-02 1.1709e+00 2.4200e-03 5.4144e-01 2.2670e-01 4.1379e-01 -3.1900e-03 2.8312e+00 -5.3349e-02 3.7493e-01 7.6000e-03 7.3200e-02 6.6200e-03 3.4890e-02
 100.0   27.0 140.00 0.0500 0.0250 6.6800e-03 6.6778e-01 9.2201e-01 1.0184e+00 1.1990e-02 4.5274e+00 -8.6968e-02 1.3560e+00 2.0600e-03 5.4156e-01 3.4451e-01 7.2881e-01 -1.9100e-03 2.8845e+00 -2.2922e-01 3.3065e-01 6.9600e-03 7.1310e-02 6.1400e-03 3.3770e-02
 100.0   27.0 140.00 0.0500 0.0250 6.8500e-03 6.4977e-01 7.0223e-01 2.7181e-01 1.1710e-02 4.3718e+00 1.6041e-01 3.8351e-01 2.5600e-03 5.3446e-01 2.0723e-01 4.9990e-01 -2.9700e-03 2.7248e+00 2.0914e-02 2.5153e-01 7.1500e-03 7.3390e-02 6.7600e-03 3.5150e-02
 100.0   27.0 140.00 0.0500 0.0250 6.8900e-03 6.4428e-01 8.6949e-01 8.5886e-01 1.2180e-02 4.2965e+00 -1.3366e-01 1.5599e+00 2.4000e-03 6.0440e-01 3.4912e-01 6.2101e-01 -2.0600e-03 2.7376e+00 -3.0006e-01 1.7298e-01 7.0900e-03 7.2160e-02 6.6200e-03 3.4400e-02
 100.0   27.0 140.00 0.0500 0.0250 6.7400e-03 6.6372e-01 8.3735e-01 4.1977e-01 1.1870e-02 4.0140e+00 -1.3936e-01 1.0161e+00 2.0800e-03 5.1674e-01 3.4168e-01 6.5807e-01 -2.1200e-03 2.7331e+00 -3.0305e-01 -2.6405e-02 7.0000e-03 7.1310e-02 6.1200e-03 3.3600e-02
 100.0   27.0 140.00 0.0500 0.0250 6.9500e-03 6.6598e-01 7.8793e-01 5.4093e-01 1.2050e-02 3.9310e+00 2.4697e-01 -4.6233e-02 2.4000e-03 5.5240e-01 3.6287e-01 6.5877e-01 -2.0400e-03 2.6284e+00 -2.5222e-01 5.0898e-01 7.2900e-03 7.1650e-02 6.3600e-03 3.3640e-02
 100.0   27.0 140.00 0.0500 0.0250 6.6500e-03 6.6877e-01 7.3973e-01 2.1416e-01 1.1720e-02 4.4184e+00 1.7903e-01 7.0419e-01 2.3600e-03 5.7030e-01 5.2442e-01 8.6663e-01 -3.1700e-03 2.8725e+00 1.0604e-01 1.8170e+00 6.9500e-03 7.0760e-02 6.4800e-03 3.2990e-02
 100.0   27.0 140.00 0.0500 0.0250 7.1000e-03 7.0790e-01 9.1858e-01 9.6999e-01 1.1630e-02 4.3724e+00 9.3438e-02 9.7896e-01 2.1900e-03 6.0504e-01 2.8260e-01 4.7037e-01 -2.3500e-03 2.9778e+00 -1.9366e-01 6.9036e-01 7.4400e-03 7.1270e-02 6.5900e-03 3.3990e-02
 100.0   27.0 140.00 0.0500 0.0250 7.2800e-03 6.9602e-01 8.2480e-01 6.1901e-01 1.2890e-02 4.0175e+00 1.0845e-01 -1.6312e-01 2.3700e-03 5.8083e-01 2.1128e-01 9.6012e-01 -2.7200e-03 2.6480e+00 5.2456e-02 1.1194e+00 7.5000e-03 7.4310e-02 6.7100e-03 3.4600e-02
 100.0   27.0 140.00 0.0500 0.0250 6.6300e-03 6.6343e-01 9.3152e-01 9.4761e-01 1.2060e-02 4.5196e+00 2.7794e-01 9.8571e-01 2.2900e-03 5.5456e-01 4.4001e-01 8.7212e-01 -1.9100e-03 2.7965e+00 6.5214e-02 1.9500e-01 6.9300e-03 7.1500e-02 6.4100e-03 3.3750e-02
