# Omega - roots -     T    - rhoB  - rhoQ -rhoP - sigma^2(P) - Ssigma(P) - Ksigma^2(P) - rhoQ - sigma^2(Q) - Ssigma(Q) - Ksigma^2(Q) - rhoK - sigma^2(K) - Ssigma(K) - Ksigma^2(K) - rhoPi - sigma^2(Pi) - Ssigma(Pi) - Ksigma^2(Pi) - TotrhoP - TotrhoQ - TotrhoK - TotrhoPi
 100.0    7.7 140.00 0.1500 0.0750 2.1700e-02 2.0011e+00 8.4980e-01 7.4790e-01 3.6790e-02 9.9700e+00 -2.5144e-01 -5.1440e-01 4.2000e-03 7.2960e-01 3.9832e-01 4.0775e-01 -4.1100e-03 5.9741e+00 -3.6383e-01 4.4951e-01 2.1920e-02 1.5511e-01 8.3800e-03 7.2590e-02
 100.0    7.7 140.00 0.1500 0.0750 2.1210e-02 1.8984e+00 1.0273e+00 2.1486e+00 3.8090e-02 1.0203e+01 2.0328e-01 3.8371e-01 4.6500e-03 7.2078e-01 5.0081e-01 7.5639e-01 -3.9200e-03 5.9283e+00 -3.3743e-02 1.3905e+00 2.1410e-02 1.5461e-01 8.4300e-03 7.1580e-02
 100.0    7.7 140.00 0.1500 0.0750 2.1570e-02 1.9544e+00 9.1213e-01 1.3485e+00 3.5900e-02 1.0212e+01 4.1281e-01 1.5344e+00 4.5000e-03 7.6550e-01 3.8857e-01 1.0131e+00 -5.7800e-03 6.1359e+00 -2.1304e-01 7.7775e-01 2.1670e-02 1.5506e-01 8.7800e-03 7.2140e-02
 100.0    7.7 140.00 0.1500 0.0750 2.1740e-02 2.0077e+00 9.4271e-01 8.1196e-01 3.7470e-02 1.0325e+01 3.3742e-01 -1.1350e+00 4.7700e-03 7.5347e-01 3.5602e-01 5.7551e-01 -4.9600e-03 6.1960e+00 1.0001e-01 1.1999e+00 2.1900e-02 1.5851e-01 8.8900e-03 7.3840e-02
 100.0    7.7 140.00 0.1500 0.0750 2.0480e-02 1.8257e+00 6.7426e-01 1.4620e-01 3.6420e-02 8.8438e+00 1.2010e-01 9.5112e-01 4.4300e-03 7.7675e-01 4.4256e-01 4.9527e-01 -4.2900e-03 5.8250e+00 -1.2246e-01 -1.1254e-01 2.0700e-02 1.5484e-01 9.2500e-03 7.2330e-02
 100.0    7.7 140.00 0.1500 0.0750 2.1100e-02 1.7919e+00 6.7155e-01 2.5201e-01 3.7710e-02 8.7966e+00 5.3751e-01 1.2381e+00 4.5400e-03 7.5988e-01 3.1250e-01 4.4779e-01 -4.0100e-03 5.8062e+00 1.4370e-01 -1.4713e-01 2.1220e-02 1.5079e-01 9.0000e-03 6.8650e-02
 100.0    7.7 140.00 0.1500 0.0750 2.2230e-02 2.0973e+00 8.7964e-01 1.0859e+00 3.9300e-02 9.9251e+00 5.2157e-01 2.2417e+00 4.5200e-03 8.2770e-01 5.8632e-01 9.5082e-01 -4.1900e-03 5.9354e+00 -3.6503e-01 3.4108e-01 2.2330e-02 1.5654e-01 9.1000e-03 7.2270e-02
 100.0    7.7 140.00 0.1500 0.0750 2.2030e-02 2.1018e+00 9.3665e-01 8.0242e-01 3.9340e-02 1.0272e+01 1.1567e-01 9.1058e-01 5.2300e-03 7.3347e-01 4.5418e-01 5.0388e-01 -3.9700e-03 5.9654e+00 2.4279e-01 1.7869e+00 2.2130e-02 1.5402e-01 8.8500e-03 7.0710e-02
 100.0    7.7 140.00 0.1500 0.0750 2.1060e-02 1.8988e+00 8.9058e-01 7.2308e-01 3.8620e-02 1.0619e+01 4.3346e-01 -1.4357e+00 4.5500e-03 7.0998e-01 3.6014e-01 5.1650e-01 -3.3800e-03 6.1818e+00 1.0853e-01 1.1555e-01 2.1140e-02 1.5372e-01 8.5100e-03 7.0460e-02
 100.0    7.7 140.00 0.1500 0.0750 2.1530e-02 2.0636e+00 9.5379e-01 8.9399e-01 3.6380e-02 1.0293e+01 2.8773e-01 1.0061e+00 4.2500e-03 6.7637e-01 4.9064e-01 4.8309e-01 -5.3600e-03 6.3187e+00 -2.9271e-01 2.5220e+00 2.1650e-02 1.5610e-01 8.4700e-03 7.2800e-02
