# Omega - roots -     T    - rhoB  - rhoQ -rhoP - sigma^2(P) - Ssigma(P) - Ksigma^2(P) - rhoQ - sigma^2(Q) - Ssigma(Q) - Ksigma^2(Q) - rhoK - sigma^2(K) - Ssigma(K) - Ksigma^2(K) - rhoPi - sigma^2(Pi) - Ssigma(Pi) - Ksigma^2(Pi) - TotrhoP - TotrhoQ - TotrhoK - TotrhoPi
 100.0  200.0 125.00 0.0500 0.0250 6.3800e-03 6.0296e-01 8.6283e-01 6.3918e-01 1.3530e-02 2.8544e+00 -1.0573e-01 3.8567e-01 1.6800e-03 3.1178e-01 3.8529e-01 7.6359e-01 -1.1200e-03 1.7975e+00 8.7540e-02 1.8499e-01 6.4400e-03 4.9490e-02 3.3400e-03 2.1560e-02
 100.0  200.0 125.00 0.0500 0.0250 6.0800e-03 5.7834e-01 9.0321e-01 7.1034e-01 1.3090e-02 2.9835e+00 2.2851e-01 9.8067e-01 1.7600e-03 3.0502e-01 5.6224e-01 8.9992e-01 -1.1200e-03 1.8095e+00 -2.6869e-02 6.5737e-01 6.1000e-03 4.8510e-02 3.1400e-03 2.1340e-02
 100.0  200.0 125.00 0.0500 0.0250 6.2600e-03 6.3412e-01 9.9318e-01 9.1793e-01 1.2710e-02 3.0156e+00 1.8552e-01 9.8011e-01 1.7200e-03 2.6242e-01 3.4870e-01 5.4495e-01 -1.3300e-03 1.8233e+00 -1.0045e-01 1.0532e+00 6.2800e-03 4.8490e-02 3.2200e-03 2.1150e-02
 100.0  200.0 125.00 0.0500 0.0250 6.5800e-03 6.6704e-01 9.9602e-01 8.3993e-01 1.4150e-02 3.0608e+00 1.6887e-01 -3.0663e-01 1.4300e-03 2.7655e-01 4.0295e-01 8.0082e-01 -8.7000e-04 2.0074e+00 5.7775e-03 3.3599e-01 6.6000e-03 5.0010e-02 3.0900e-03 2.1790e-02
 100.0  200.0 125.00 0.0500 0.0250 6.1200e-03 6.1146e-01 9.5861e-01 8.6203e-01 1.3460e-02 3.1503e+00 4.5094e-01 -1.5685e-01 1.6000e-03 2.7040e-01 5.4036e-01 8.4671e-01 -1.2100e-03 1.7884e+00 1.0881e-03 1.1116e+00 6.1800e-03 4.8300e-02 3.0600e-03 2.0990e-02
 100.0  200.0 125.00 0.0500 0.0250 6.0900e-03 5.7812e-01 8.8029e-01 6.3412e-01 1.4260e-02 3.0705e+00 1.0961e-01 7.6139e-01 1.6600e-03 2.4644e-01 4.2483e-01 5.5498e-01 -5.4000e-04 1.9131e+00 -2.2959e-02 9.6042e-01 6.0900e-03 4.8840e-02 2.9400e-03 2.1060e-02
 100.0  200.0 125.00 0.0500 0.0250 6.7000e-03 6.6110e-01 8.9915e-01 5.5008e-01 1.4320e-02 3.0634e+00 1.8386e-01 -3.4509e-01 1.5000e-03 2.4750e-01 4.0909e-01 4.9924e-01 -4.2000e-04 1.9202e+00 2.2915e-01 4.7998e-01 6.7600e-03 5.0540e-02 3.0400e-03 2.2080e-02
 100.0  200.0 125.00 0.0500 0.0250 6.4000e-03 6.2240e-01 8.8504e-01 5.0498e-01 1.3470e-02 2.9086e+00 2.4802e-01 7.0007e-01 1.6300e-03 2.7443e-01 5.0458e-01 7.0081e-01 -1.0100e-03 1.6928e+00 -3.6065e-02 6.9348e-01 6.4400e-03 4.8250e-02 2.9900e-03 2.0570e-02
 100.0  200.0 125.00 0.0500 0.0250 6.3200e-03 6.2458e-01 9.9807e-01 1.0847e+00 1.3860e-02 2.9470e+00 6.7138e-02 -5.2553e-01 1.4100e-03 2.8712e-01 3.7178e-01 7.5522e-01 -1.0500e-03 1.7300e+00 -2.0630e-01 3.7347e-01 6.3200e-03 4.9060e-02 3.1500e-03 2.1350e-02
 100.0  200.0 125.00 0.0500 0.0250 6.4300e-03 5.8755e-01 7.8592e-01 3.5608e-01 1.3610e-02 2.9067e+00 1.2317e-01 7.7197e-01 1.7100e-03 2.5776e-01 4.5690e-01 7.7999e-01 -1.4500e-03 1.7420e+00 -1.6659e-01 1.3841e+00 6.4500e-03 4.9070e-02 2.8900e-03 2.1730e-02
