# Omega - roots -     T    - rhoB  - rhoQ -rhoP - sigma^2(P) - Ssigma(P) - Ksigma^2(P) - rhoQ - sigma^2(Q) - Ssigma(Q) - Ksigma^2(Q) - rhoK - sigma^2(K) - Ssigma(K) - Ksigma^2(K) - rhoPi - sigma^2(Pi) - Ssigma(Pi) - Ksigma^2(Pi) - TotrhoP - TotrhoQ - TotrhoK - TotrhoPi
 100.0   62.4 125.00 0.0500 0.0250 6.4300e-03 6.2155e-01 9.1735e-01 7.0903e-01 1.2650e-02 2.9448e+00 4.2548e-02 5.8048e-01 1.5100e-03 2.7620e-01 5.3743e-01 7.8994e-01 -5.1000e-04 1.8344e+00 -1.8219e-01 7.1802e-01 6.4300e-03 4.5710e-02 3.0300e-03 2.0450e-02
 100.0   62.4 125.00 0.0500 0.0250 6.5300e-03 6.1859e-01 7.7068e-01 1.4766e-01 1.1360e-02 2.9715e+00 1.4979e-01 1.1227e+00 1.2500e-03 2.3337e-01 5.1219e-01 8.3865e-01 -1.9300e-03 1.7478e+00 -2.8257e-01 3.6151e-01 6.5700e-03 4.6640e-02 2.4300e-03 2.1170e-02
 100.0   62.4 125.00 0.0500 0.0250 6.5900e-03 6.5072e-01 1.1500e+00 1.7733e+00 1.3110e-02 2.9723e+00 3.3637e-01 5.1264e-01 1.4200e-03 2.6584e-01 4.1338e-01 7.3356e-01 -6.1000e-04 1.6473e+00 8.0544e-02 3.4117e-01 6.6700e-03 4.7050e-02 2.9800e-03 2.0510e-02
 100.0   62.4 125.00 0.0500 0.0250 6.5100e-03 6.2320e-01 9.4993e-01 9.9491e-01 1.2710e-02 3.0096e+00 4.3969e-02 3.4945e-01 1.2000e-03 2.4160e-01 4.5238e-01 6.7610e-01 -1.3000e-03 1.8051e+00 -1.5612e-01 1.1218e+00 6.5100e-03 4.6970e-02 2.7200e-03 2.0740e-02
 100.0   62.4 125.00 0.0500 0.0250 6.3900e-03 6.0868e-01 9.6150e-01 1.0707e+00 1.1840e-02 3.2841e+00 2.4022e-01 8.2587e-01 1.5800e-03 2.9704e-01 2.4664e-01 9.3556e-01 -2.1100e-03 1.9245e+00 -1.7013e-01 1.3478e+00 6.3900e-03 4.8560e-02 3.1400e-03 2.1310e-02
 100.0   62.4 125.00 0.0500 0.0250 6.8600e-03 6.8740e-01 9.4049e-01 7.5654e-01 1.2980e-02 3.1432e+00 1.2011e-01 6.3257e-01 1.5300e-03 3.1559e-01 5.4679e-01 9.4339e-01 -1.2100e-03 1.7544e+00 -2.5559e-01 5.6107e-01 6.8800e-03 4.8460e-02 3.2700e-03 2.1290e-02
 100.0   62.4 125.00 0.0500 0.0250 6.5200e-03 6.1290e-01 9.3655e-01 1.0476e+00 1.2990e-02 2.9316e+00 4.0136e-01 8.5633e-01 1.6400e-03 3.3910e-01 5.8021e-01 1.0749e+00 -8.1000e-04 1.8544e+00 -3.3347e-02 9.2917e-01 6.5400e-03 4.7790e-02 3.3400e-03 2.1110e-02
 100.0   62.4 125.00 0.0500 0.0250 6.2200e-03 5.6712e-01 8.0604e-01 4.0503e-01 1.2930e-02 2.9752e+00 2.3955e-01 8.1779e-02 1.3100e-03 2.6584e-01 3.6216e-01 6.0515e-01 -5.7000e-04 1.6578e+00 9.3295e-02 7.0669e-01 6.2400e-03 4.6550e-02 2.9500e-03 2.1170e-02
 100.0   62.4 125.00 0.0500 0.0250 6.7900e-03 5.8596e-01 6.9690e-01 2.0889e-01 1.2350e-02 2.9558e+00 2.3689e-01 5.6450e-01 1.2000e-03 2.3960e-01 3.3396e-01 7.9490e-01 -1.7100e-03 1.7958e+00 -1.4744e-01 7.3826e-01 6.8300e-03 4.8430e-02 2.8600e-03 2.1850e-02
 100.0   62.4 125.00 0.0500 0.0250 6.7700e-03 6.3867e-01 8.8241e-01 5.8990e-01 1.3060e-02 3.1084e+00 3.9850e-02 1.3916e+00 1.2600e-03 2.5612e-01 5.9809e-01 9.7354e-01 -7.6000e-04 1.9702e+00 -2.0015e-01 1.2214e+00 6.7700e-03 4.7460e-02 2.7600e-03 2.1220e-02
