# Omega - roots -     T    - rhoB  - rhoQ -rhoP - sigma^2(P) - Ssigma(P) - Ksigma^2(P) - rhoQ - sigma^2(Q) - Ssigma(Q) - Ksigma^2(Q) - rhoK - sigma^2(K) - Ssigma(K) - Ksigma^2(K) - rhoPi - sigma^2(Pi) - Ssigma(Pi) - Ksigma^2(Pi) - TotrhoP - TotrhoQ - TotrhoK - TotrhoPi
 100.0  200.0 110.00 0.0500 0.0250 6.0000e-03 5.7200e-01 1.0636e+00 1.5825e+00 1.2830e-02 2.2429e+00 4.0666e-01 8.7491e-01 6.1000e-04 9.9279e-02 6.7089e-01 1.0370e+00 -2.8000e-04 1.0092e+00 -3.2422e-01 1.9749e+00 6.0000e-03 3.1990e-02 1.0300e-03 1.2540e-02
 100.0  200.0 110.00 0.0500 0.0250 6.1400e-03 6.0300e-01 1.0411e+00 1.3685e+00 1.2830e-02 2.2669e+00 1.1810e-01 1.2297e+00 8.6000e-04 1.1660e-01 7.8282e-01 1.0170e+00 -5.3000e-04 1.2202e+00 -3.5637e-01 1.2815e+00 6.1400e-03 3.2610e-02 1.2000e-03 1.2550e-02
 100.0  200.0 110.00 0.0500 0.0250 5.8900e-03 5.1208e-01 6.9485e-01 1.2450e-01 1.2080e-02 2.1827e+00 2.5334e-01 3.9970e-01 8.4000e-04 1.1894e-01 8.0234e-01 1.0964e+00 -6.2000e-04 1.1982e+00 -1.3596e-01 1.0376e+00 5.8900e-03 3.2400e-02 1.2000e-03 1.3120e-02
 100.0  200.0 110.00 0.0500 0.0250 5.8200e-03 5.6728e-01 1.0055e+00 1.1583e+00 1.2900e-02 2.1539e+00 3.5365e-01 1.0300e+00 4.8000e-04 8.3696e-02 4.9987e-01 8.0995e-01 -3.2000e-04 1.0970e+00 -8.0820e-02 1.1612e+00 5.8600e-03 3.2360e-02 1.0000e-03 1.2240e-02
 100.0  200.0 110.00 0.0500 0.0250 5.8900e-03 5.6408e-01 8.9338e-01 6.2876e-01 1.2730e-02 2.2285e+00 4.8981e-01 3.5303e-01 6.7000e-04 9.8511e-02 5.3698e-01 7.0080e-01 -5.2000e-04 1.1573e+00 1.5785e-01 1.0207e+00 5.8900e-03 3.3090e-02 1.1100e-03 1.2920e-02
 100.0  200.0 110.00 0.0500 0.0250 6.5100e-03 6.2320e-01 9.4993e-01 9.1789e-01 1.3340e-02 2.1564e+00 2.2073e-01 6.1282e-01 7.2000e-04 1.0082e-01 6.1350e-01 7.7897e-01 -6.2000e-04 1.1242e+00 -4.5073e-02 9.3787e-01 6.5100e-03 3.2680e-02 1.0400e-03 1.2340e-02
 100.0  200.0 110.00 0.0500 0.0250 6.2500e-03 5.7437e-01 8.2508e-01 4.4524e-01 1.2450e-02 2.3870e+00 2.6639e-01 2.6964e-01 7.2000e-04 1.0882e-01 6.0765e-01 8.4567e-01 -9.2000e-04 1.1875e+00 1.1834e-01 6.5060e-01 6.2500e-03 3.2710e-02 1.1400e-03 1.2880e-02
 100.0  200.0 110.00 0.0500 0.0250 6.1700e-03 5.9031e-01 8.7996e-01 6.0023e-01 1.1540e-02 2.1923e+00 1.1290e-01 5.4404e-01 7.2000e-04 1.0282e-01 6.5572e-01 8.7190e-01 -1.2500e-03 1.1434e+00 -1.5243e-01 8.7679e-01 6.1700e-03 3.1980e-02 1.1400e-03 1.3030e-02
 100.0  200.0 110.00 0.0500 0.0250 6.1400e-03 6.3500e-01 1.1131e+00 1.4422e+00 1.1990e-02 2.2914e+00 4.9191e-01 7.0884e-01 5.9000e-04 9.5519e-02 6.2697e-01 9.5780e-01 -4.6000e-04 1.1279e+00 -8.8887e-02 4.2989e-01 6.1400e-03 3.1890e-02 9.5000e-04 1.2720e-02
 100.0  200.0 110.00 0.0500 0.0250 6.2000e-03 6.0160e-01 9.0874e-01 6.1358e-01 1.2450e-02 2.1310e+00 2.7970e-01 4.0763e-01 7.7000e-04 1.1707e-01 4.7407e-01 6.2004e-01 -3.9000e-04 1.1655e+00 -1.2748e-01 1.1516e+00 6.2000e-03 3.2010e-02 1.2900e-03 1.2150e-02
