# Omega - roots -     T    - rhoB  - rhoQ -rhoP - sigma^2(P) - Ssigma(P) - Ksigma^2(P) - rhoQ - sigma^2(Q) - Ssigma(Q) - Ksigma^2(Q) - rhoK - sigma^2(K) - Ssigma(K) - Ksigma^2(K) - rhoPi - sigma^2(Pi) - Ssigma(Pi) - Ksigma^2(Pi) - TotrhoP - TotrhoQ - TotrhoK - TotrhoPi
 100.0   11.5 140.00 0.0500 0.0250 5.0700e-03 5.1595e-01 9.1853e-01 6.2692e-01 8.8300e-03 3.2373e+00 8.9240e-02 -8.9094e-02 1.6000e-03 3.9440e-01 2.3477e-01 8.2366e-01 -1.4800e-03 2.2201e+00 -3.7402e-02 6.0633e-01 5.1700e-03 5.5170e-02 4.3800e-03 2.6620e-02
 100.0   11.5 140.00 0.0500 0.0250 4.6200e-03 4.7256e-01 8.1774e-01 7.7708e-01 7.9600e-03 3.8504e+00 -1.6026e-01 5.7577e-01 1.5600e-03 4.2766e-01 3.0879e-01 8.9292e-01 -1.8100e-03 2.2682e+00 -2.3517e-01 8.2053e-01 5.0600e-03 5.4320e-02 4.4200e-03 2.5670e-02
 100.0   11.5 140.00 0.0500 0.0250 4.7900e-03 5.0756e-01 9.9247e-01 1.0395e+00 8.5400e-03 3.5947e+00 1.0114e-01 2.8789e-01 1.2600e-03 4.2612e-01 1.1012e-01 6.2133e-01 -1.1600e-03 2.3185e+00 -1.3353e-01 3.2005e-01 5.0100e-03 5.4520e-02 5.0200e-03 2.6080e-02
 100.0   11.5 140.00 0.0500 0.0250 5.0900e-03 5.3392e-01 8.8746e-01 7.1167e-01 9.0700e-03 3.9024e+00 -6.5970e-02 1.4913e+00 1.3900e-03 4.2568e-01 3.6837e-01 9.4082e-01 -1.4300e-03 2.2166e+00 7.6165e-02 1.3669e+00 5.4100e-03 5.5290e-02 4.4700e-03 2.5850e-02
 100.0   11.5 140.00 0.0500 0.0250 4.8100e-03 5.0364e-01 9.7086e-01 1.0893e+00 7.6300e-03 3.6308e+00 8.9190e-02 1.3745e+00 1.2300e-03 4.1187e-01 2.1647e-01 7.6870e-01 -1.9800e-03 2.2188e+00 -5.4206e-02 1.1241e+00 4.9900e-03 5.3510e-02 4.7900e-03 2.5220e-02
 100.0   11.5 140.00 0.0500 0.0250 4.4900e-03 4.3740e-01 7.0715e-01 3.1964e-01 9.1100e-03 4.0331e+00 -3.1129e-01 3.4904e+00 1.3700e-03 4.2223e-01 4.9000e-01 2.0389e+00 -4.7000e-04 2.3828e+00 -2.1610e-01 2.1385e+00 4.7700e-03 5.3410e-02 4.4500e-03 2.5650e-02
 100.0   11.5 140.00 0.0500 0.0250 4.7900e-03 4.6156e-01 8.4461e-01 4.8729e-01 9.1400e-03 3.9466e+00 6.0016e-02 -4.3246e-01 1.7200e-03 3.7842e-01 3.8489e-01 5.4478e-01 -1.1900e-03 2.1808e+00 -3.0207e-01 1.9981e-01 4.8700e-03 5.3340e-02 4.3400e-03 2.5610e-02
 100.0   11.5 140.00 0.0500 0.0250 4.6900e-03 4.7504e-01 8.0300e-01 7.4746e-01 7.5800e-03 3.8894e+00 -6.8415e-02 1.6176e-01 1.3500e-03 3.8278e-01 1.4503e-01 5.5720e-01 -2.1500e-03 2.1848e+00 -2.0134e-01 1.2436e+00 5.0100e-03 5.4120e-02 4.2500e-03 2.5850e-02
 100.0   11.5 140.00 0.0500 0.0250 4.6200e-03 4.7656e-01 1.0133e+00 1.3019e+00 8.8800e-03 3.6995e+00 -2.0478e-01 3.6116e-01 1.6200e-03 3.9176e-01 2.5361e-01 6.7089e-01 -1.6300e-03 2.3004e+00 -3.3635e-01 4.2911e-01 4.8600e-03 5.4940e-02 4.5800e-03 2.6490e-02
 100.0   11.5 140.00 0.0500 0.0250 4.8300e-03 4.4771e-01 7.9870e-01 7.0515e-01 7.3900e-03 3.7309e+00 -1.2314e-02 1.8417e-01 1.1300e-03 3.9423e-01 2.7880e-01 5.5982e-01 -2.2400e-03 2.2518e+00 -1.0460e-01 9.2653e-01 4.9900e-03 5.4330e-02 4.3100e-03 2.6020e-02
