# Omega - roots -     T    - rhoB  - rhoQ -rhoP - sigma^2(P) - Ssigma(P) - Ksigma^2(P) - rhoQ - sigma^2(Q) - Ssigma(Q) - Ksigma^2(Q) - rhoK - sigma^2(K) - Ssigma(K) - Ksigma^2(K) - rhoPi - sigma^2(Pi) - Ssigma(Pi) - Ksigma^2(Pi) - TotrhoP - TotrhoQ - TotrhoK - TotrhoPi
 100.0   19.6 155.00 0.0500 0.0250 7.0400e-03 8.5638e-01 7.0576e-01 4.7357e-01 1.1860e-02 6.2754e+00 -2.9418e-01 2.0967e+00 2.3800e-03 1.0494e+00 3.1713e-02 4.2600e-01 -2.6100e-03 4.4129e+00 -1.6949e-01 1.1769e-01 9.3800e-03 1.1624e-01 1.3040e-02 5.5390e-02
 100.0   19.6 155.00 0.0500 0.0250 6.9400e-03 9.8836e-01 8.3165e-01 9.0802e-01 1.2630e-02 6.8238e+00 -1.0140e-02 2.0503e+00 2.4200e-03 1.0994e+00 3.5440e-01 1.6634e+00 -2.4100e-03 4.2249e+00 -1.1181e-01 2.7006e-02 9.6000e-03 1.1639e-01 1.2160e-02 5.6030e-02
 100.0   19.6 155.00 0.0500 0.0250 7.2500e-03 9.2938e-01 6.6123e-01 6.9116e-01 1.2700e-02 7.0171e+00 1.0723e-01 8.8579e-01 2.5700e-03 1.0570e+00 6.9177e-02 8.0342e-01 -3.0000e-03 4.4480e+00 -1.8251e-01 3.0479e-01 9.8500e-03 1.1606e-01 1.2550e-02 5.5900e-02
 100.0   19.6 155.00 0.0500 0.0250 7.4600e-03 8.5348e-01 5.8202e-01 2.0486e-01 1.3000e-02 6.8820e+00 1.7611e-02 2.1453e-01 2.8000e-03 1.0896e+00 2.0079e-01 7.8064e-01 -2.3600e-03 4.4943e+00 -3.1793e-02 1.1637e+00 9.8400e-03 1.1690e-01 1.2980e-02 5.5120e-02
 100.0   19.6 155.00 0.0500 0.0250 6.8000e-03 8.3560e-01 7.6705e-01 7.0829e-01 1.2190e-02 6.1810e+00 9.1175e-02 4.4307e-01 2.9500e-03 1.1700e+00 9.9062e-02 4.9850e-01 -2.3500e-03 4.2198e+00 -1.2396e-01 -1.4538e-01 8.9800e-03 1.1541e-01 1.2790e-02 5.4910e-02
 100.0   19.6 155.00 0.0500 0.0250 7.1200e-03 8.6306e-01 5.9969e-01 5.8310e-01 1.3190e-02 6.4812e+00 4.8879e-01 1.5617e+00 2.7400e-03 1.0609e+00 1.5208e-01 5.4570e-01 -1.7300e-03 4.2831e+00 2.5988e-01 2.9772e-01 9.2400e-03 1.1747e-01 1.2840e-02 5.5210e-02
 100.0   19.6 155.00 0.0500 0.0250 7.1900e-03 8.9604e-01 7.5504e-01 9.9107e-01 1.3120e-02 6.4507e+00 5.0819e-02 3.6537e+00 3.0400e-03 1.0576e+00 3.5873e-01 7.2831e-01 -2.2000e-03 4.2956e+00 -7.0364e-02 1.6940e-01 9.4900e-03 1.1784e-01 1.2860e-02 5.6600e-02
 100.0   19.6 155.00 0.0500 0.0250 7.4000e-03 9.3640e-01 7.9023e-01 8.5290e-01 1.4410e-02 6.1905e+00 -1.1709e-01 9.2813e-02 2.7700e-03 1.0643e+00 8.5821e-02 4.9793e-01 -2.0100e-03 4.2906e+00 -1.0060e-01 7.8277e-01 9.6000e-03 1.1563e-01 1.2410e-02 5.5530e-02
 100.0   19.6 155.00 0.0500 0.0250 7.1200e-03 9.0506e-01 7.3129e-01 7.2900e-01 1.1640e-02 6.8611e+00 1.6439e-01 -1.6908e-01 2.2900e-03 1.0086e+00 -2.5669e-02 4.3334e-01 -3.3800e-03 4.1478e+00 4.4455e-03 2.0144e+00 9.7600e-03 1.1736e-01 1.2530e-02 5.5480e-02
 100.0   19.6 155.00 0.0500 0.0250 7.0800e-03 8.8474e-01 6.4192e-01 5.7099e-01 1.3180e-02 6.9909e+00 5.2278e-03 -5.5836e-01 2.2300e-03 1.0813e+00 1.6512e-01 5.3937e-01 -2.2200e-03 4.4167e+00 -3.4902e-01 -4.2902e-02 9.6400e-03 1.1776e-01 1.2770e-02 5.6380e-02
