# Omega - roots -     T    - rhoB  - rhoQ -rhoP - sigma^2(P) - Ssigma(P) - Ksigma^2(P) - rhoQ - sigma^2(Q) - Ssigma(Q) - Ksigma^2(Q) - rhoK - sigma^2(K) - Ssigma(K) - Ksigma^2(K) - rhoPi - sigma^2(Pi) - Ssigma(Pi) - Ksigma^2(Pi) - TotrhoP - TotrhoQ - TotrhoK - TotrhoPi
  50.0   11.5 140.00 0.0500 0.0250 6.3800e-03 3.0924e-01 9.2031e-01 7.9486e-01 1.1100e-02 2.0070e+00 2.7825e-01 5.4777e-01 2.4200e-03 2.5036e-01 2.8099e-01 5.1408e-01 -2.8200e-03 1.2591e+00 -1.6328e-01 6.8644e-01 6.4200e-03 6.3020e-02 5.8600e-03 2.9380e-02
  50.0   11.5 140.00 0.0500 0.0250 6.9200e-03 3.3628e-01 8.8471e-01 6.8125e-01 1.2540e-02 1.9719e+00 1.6199e-01 5.4635e-01 1.0200e-03 2.0440e-01 2.1328e-01 6.9263e-01 -1.1400e-03 1.2478e+00 -8.6114e-02 3.3622e-01 7.0400e-03 6.5580e-02 5.1000e-03 3.1420e-02
  50.0   11.5 140.00 0.0500 0.0250 6.8000e-03 3.3640e-01 8.3700e-01 6.7444e-01 1.3220e-02 2.0741e+00 2.0409e-01 4.6008e-01 2.1000e-03 2.2797e-01 2.4577e-01 7.2090e-01 -6.8000e-04 1.3188e+00 -3.2937e-02 1.1092e+00 7.0400e-03 6.3860e-02 5.5800e-03 2.9960e-02
  50.0   11.5 140.00 0.0500 0.0250 6.3400e-03 3.0251e-01 7.8495e-01 5.3841e-01 1.1480e-02 1.9205e+00 5.6098e-02 8.8947e-01 1.1400e-03 2.0975e-01 7.1263e-02 9.7976e-01 -1.8200e-03 1.2567e+00 -6.1400e-02 1.1270e+00 6.5800e-03 6.3880e-02 4.8200e-03 3.0900e-02
  50.0   11.5 140.00 0.0500 0.0250 7.0600e-03 3.5039e-01 9.0170e-01 8.7633e-01 1.1580e-02 1.9578e+00 7.1647e-02 8.9662e-01 1.5200e-03 2.2822e-01 2.3453e-01 8.1292e-01 -1.4800e-03 1.2005e+00 -1.9915e-01 1.2095e+00 7.3000e-03 6.3460e-02 5.2800e-03 2.9600e-02
  50.0   11.5 140.00 0.0500 0.0250 6.1800e-03 2.9552e-01 8.9182e-01 6.3902e-01 1.0600e-02 2.1251e+00 9.4214e-02 3.2191e+00 1.1800e-03 2.2952e-01 2.8830e-01 6.5590e-01 -1.1600e-03 1.3206e+00 -8.3304e-02 1.6443e+00 6.4600e-03 6.3200e-02 5.3000e-03 2.9680e-02
  50.0   11.5 140.00 0.0500 0.0250 5.7800e-03 2.7948e-01 8.5357e-01 6.6508e-01 1.2020e-02 1.9058e+00 2.3705e-01 1.2803e+00 1.8200e-03 2.0272e-01 2.6097e-01 5.8365e-01 -7.2000e-04 1.2987e+00 -2.4308e-01 7.2114e-01 5.9800e-03 6.3460e-02 4.9800e-03 3.0640e-02
  50.0   11.5 140.00 0.0500 0.0250 6.5200e-03 3.1972e-01 9.4664e-01 1.2432e+00 1.1340e-02 1.9295e+00 1.9622e-01 8.7380e-01 1.6400e-03 2.5928e-01 2.7641e-01 9.9630e-01 -1.8000e-03 1.2819e+00 -2.3493e-01 7.2503e-01 6.8400e-03 6.5420e-02 5.8400e-03 2.9840e-02
  50.0   11.5 140.00 0.0500 0.0250 6.1800e-03 2.8952e-01 7.4300e-01 4.3064e-01 1.1600e-02 2.0356e+00 1.4391e-01 6.0694e-02 2.5400e-03 2.5087e-01 5.2365e-01 8.5669e-01 -2.2000e-03 1.3299e+00 -5.3991e-02 9.2023e-01 6.5800e-03 6.4200e-02 6.0200e-03 3.0240e-02
  50.0   11.5 140.00 0.0500 0.0250 6.5600e-03 3.1842e-01 8.3975e-01 5.5871e-01 1.0320e-02 1.8977e+00 1.3748e-01 4.8404e-01 1.8800e-03 2.3716e-01 3.1324e-01 6.6062e-01 -2.2800e-03 1.2510e+00 -1.8919e-01 6.0378e-01 6.8000e-03 6.3760e-02 5.3600e-03 2.9640e-02
