# Omega - roots -     T    - rhoB  - rhoQ -rhoP - sigma^2(P) - Ssigma(P) - Ksigma^2(P) - rhoQ - sigma^2(Q) - Ssigma(Q) - Ksigma^2(Q) - rhoK - sigma^2(K) - Ssigma(K) - Ksigma^2(K) - rhoPi - sigma^2(Pi) - Ssigma(Pi) - Ksigma^2(Pi) - TotrhoP - TotrhoQ - TotrhoK - TotrhoPi
 100.0   27.0 125.00 0.0500 0.0250 6.6700e-03 6.3011e-01 9.8619e-01 1.2856e+00 1.2390e-02 3.1199e+00 3.6873e-01 5.9738e-01 1.2200e-03 2.4512e-01 3.2014e-01 6.6641e-01 -1.1300e-03 1.9122e+00 -1.2410e-01 1.2431e+00 6.7300e-03 4.6210e-02 2.7200e-03 2.0850e-02
 100.0   27.0 125.00 0.0500 0.0250 7.0000e-03 6.3400e-01 7.8170e-01 5.1481e-01 1.1820e-02 3.1109e+00 2.6469e-01 4.3992e-01 1.4500e-03 2.7397e-01 4.7731e-01 7.2620e-01 -1.5400e-03 1.8283e+00 -8.9527e-02 3.7772e-01 7.0800e-03 4.6580e-02 2.9300e-03 2.0860e-02
 100.0   27.0 125.00 0.0500 0.0250 6.4100e-03 6.1812e-01 8.7197e-01 5.6328e-01 1.1750e-02 2.6924e+00 2.3553e-01 6.7479e-01 1.1800e-03 2.5208e-01 3.6942e-01 7.5440e-01 -1.2900e-03 1.9524e+00 -2.8954e-01 2.0135e+00 6.4700e-03 4.7030e-02 2.8000e-03 2.0830e-02
 100.0   27.0 125.00 0.0500 0.0250 6.7200e-03 6.5042e-01 8.2916e-01 4.1360e-01 1.1610e-02 3.2331e+00 2.9484e-01 8.2648e-02 1.0000e-03 2.3800e-01 3.4286e-01 5.8424e-01 -1.2600e-03 1.9401e+00 2.3384e-02 1.0791e+00 6.7800e-03 4.7090e-02 2.6200e-03 2.1300e-02
 100.0   27.0 125.00 0.0500 0.0250 6.6300e-03 6.0943e-01 8.4572e-01 5.6344e-01 1.2960e-02 3.0224e+00 2.5208e-02 1.1034e+00 1.5700e-03 2.6235e-01 5.2435e-01 8.3369e-01 -1.5000e-03 1.8255e+00 -5.7601e-02 5.5909e-01 6.6300e-03 4.7440e-02 3.1300e-03 2.1660e-02
 100.0   27.0 125.00 0.0500 0.0250 6.2000e-03 6.3560e-01 9.5887e-01 6.9049e-01 1.2320e-02 2.9722e+00 2.1563e-01 6.2548e-01 1.2400e-03 2.0262e-01 4.0823e-01 5.2745e-01 -8.9000e-04 1.8491e+00 -1.5391e-01 5.3998e-01 6.2200e-03 4.6800e-02 2.5200e-03 2.1970e-02
 100.0   27.0 125.00 0.0500 0.0250 6.7000e-03 6.4110e-01 9.8054e-01 1.0669e+00 1.1740e-02 3.0297e+00 2.9614e-01 1.5532e-01 1.5000e-03 2.5550e-01 4.5264e-01 6.6446e-01 -1.3900e-03 1.8357e+00 -7.8901e-02 1.1550e+00 6.7000e-03 4.5920e-02 2.8600e-03 2.0730e-02
 100.0   27.0 125.00 0.0500 0.0250 6.8300e-03 6.5051e-01 8.9082e-01 7.2864e-01 1.1630e-02 2.8604e+00 1.2233e-01 -9.6504e-02 1.4500e-03 2.6997e-01 3.7971e-01 5.8666e-01 -1.4300e-03 1.8346e+00 -1.5756e-01 9.1980e-01 6.8500e-03 4.6810e-02 3.0900e-03 2.0870e-02
 100.0   27.0 125.00 0.0500 0.0250 6.5500e-03 6.0997e-01 7.8263e-01 3.5707e-01 1.2200e-02 3.0316e+00 1.5718e-01 1.4904e+00 1.5100e-03 2.5420e-01 4.8153e-01 7.9434e-01 -1.0500e-03 1.7500e+00 -1.5577e-01 1.2065e+00 6.6900e-03 4.6840e-02 3.1500e-03 2.0470e-02
 100.0   27.0 125.00 0.0500 0.0250 6.9400e-03 6.5636e-01 8.2453e-01 4.8518e-01 1.2190e-02 3.4330e+00 2.0768e-01 1.3530e+00 1.3000e-03 2.6310e-01 3.9222e-01 5.6142e-01 -1.5000e-03 1.9835e+00 -1.9866e-01 8.8050e-01 6.9800e-03 4.8530e-02 2.8600e-03 2.2220e-02
