# Omega - roots -     T    - rhoB  - rhoQ -rhoP - sigma^2(P) - Ssigma(P) - Ksigma^2(P) - rhoQ - sigma^2(Q) - Ssigma(Q) - Ksigma^2(Q) - rhoK - sigma^2(K) - Ssigma(K) - Ksigma^2(K) - rhoPi - sigma^2(Pi) - Ssigma(Pi) - Ksigma^2(Pi) - TotrhoP - TotrhoQ - TotrhoK - TotrhoPi
 100.0   19.6 140.00 0.1500 0.0750 2.1690e-02 2.0764e+00 6.2964e-01 -5.4240e-01 3.8560e-02 7.5153e+00 5.8249e-01 7.1274e-01 5.1300e-03 7.3183e-01 3.7127e-01 6.6395e-01 -4.4400e-03 3.9509e+00 -3.0859e-02 5.7291e-01 2.1850e-02 1.1710e-01 8.5500e-03 4.5440e-02
 100.0   19.6 140.00 0.1500 0.0750 2.1260e-02 2.0341e+00 9.0117e-01 7.8025e-01 4.0590e-02 8.0055e+00 3.1526e-01 1.6680e+00 5.0900e-03 7.3592e-01 6.4868e-01 8.4143e-01 -2.8700e-03 3.4986e+00 -2.9470e-01 3.1219e-01 2.1380e-02 1.1289e-01 7.6700e-03 4.3510e-02
 100.0   19.6 140.00 0.1500 0.0750 2.1160e-02 1.8425e+00 8.5058e-01 5.5953e-01 3.7400e-02 8.2164e+00 2.3640e-01 2.7351e-01 4.5100e-03 7.1360e-01 5.0416e-01 8.4089e-01 -3.9100e-03 4.4481e+00 -3.1509e-01 2.1052e+00 2.1200e-02 1.1616e-01 7.5500e-03 4.6650e-02
 100.0   19.6 140.00 0.1500 0.0750 2.0980e-02 1.9904e+00 1.0178e+00 1.7454e+00 3.8810e-02 7.4128e+00 1.2587e-01 -1.4265e-01 4.7500e-03 6.9538e-01 6.0531e-01 1.0445e+00 -3.4900e-03 3.9972e+00 -9.8425e-02 9.5591e-01 2.1120e-02 1.1413e-01 7.3700e-03 4.5490e-02
 100.0   19.6 140.00 0.1500 0.0750 2.0870e-02 2.0774e+00 1.0514e+00 1.2339e+00 3.7980e-02 7.3652e+00 5.5878e-02 -2.8032e-01 4.8600e-03 7.0180e-01 4.8159e-01 5.0871e-01 -4.9900e-03 3.8980e+00 -3.0463e-01 9.3895e-01 2.0930e-02 1.1600e-01 8.3000e-03 4.6010e-02
 100.0   19.6 140.00 0.1500 0.0750 2.1580e-02 1.8910e+00 5.2760e-01 -4.2224e-01 3.7960e-02 7.5584e+00 -5.0511e-02 -1.2770e+00 4.2700e-03 6.0867e-01 4.0652e-01 3.7101e-01 -4.0500e-03 3.9410e+00 -4.3448e-01 8.8806e-01 2.1680e-02 1.1450e-01 7.1500e-03 4.4830e-02
 100.0   19.6 140.00 0.1500 0.0750 2.1110e-02 1.9687e+00 8.0768e-01 4.5829e-01 3.8090e-02 7.1365e+00 2.8994e-01 2.0930e+00 4.5900e-03 6.6232e-01 4.4734e-01 5.3057e-01 -4.2100e-03 3.9918e+00 3.5375e-02 -1.0122e-01 2.1250e-02 1.1551e-01 7.8500e-03 4.5730e-02
 100.0   19.6 140.00 0.1500 0.0750 2.1120e-02 1.8055e+00 6.0260e-01 -3.1486e-01 3.8400e-02 7.3464e+00 -1.1865e-01 1.0558e+00 4.5900e-03 7.3232e-01 5.0237e-01 4.3229e-01 -4.1300e-03 3.8704e+00 -3.6562e-01 1.1276e-01 2.1200e-02 1.1720e-01 8.0300e-03 4.6550e-02
 100.0   19.6 140.00 0.1500 0.0750 2.1450e-02 1.8980e+00 6.8301e-01 2.9522e-01 3.8740e-02 8.0561e+00 1.4215e-01 -1.8602e-02 4.7300e-03 7.0527e-01 4.8832e-01 3.5219e-01 -3.8300e-03 3.9143e+00 -1.8069e-01 5.6953e-01 2.1510e-02 1.1642e-01 7.8700e-03 4.6210e-02
 100.0   19.6 140.00 0.1500 0.0750 2.0540e-02 1.9111e+00 8.9910e-01 4.7548e-01 3.7980e-02 7.4352e+00 1.2319e-01 6.1703e-01 5.1000e-03 6.7390e-01 5.3462e-01 6.1917e-01 -3.6500e-03 4.4258e+00 -1.9797e-01 1.9836e-01 2.0780e-02 1.1552e-01 8.0200e-03 4.5970e-02
