# Omega - roots -     T    - rhoB  - rhoQ -rhoP - sigma^2(P) - Ssigma(P) - Ksigma^2(P) - rhoQ - sigma^2(Q) - Ssigma(Q) - Ksigma^2(Q) - rhoK - sigma^2(K) - Ssigma(K) - Ksigma^2(K) - rhoPi - sigma^2(Pi) - Ssigma(Pi) - Ksigma^2(Pi) - TotrhoP - TotrhoQ - TotrhoK - TotrhoPi
 100.0   27.0 140.00 0.0000 0.0000 -9.0000e-05 1.0492e-01 -1.5865e-03 7.9985e-01 7.1000e-04 2.7900e+00 6.3937e-02 4.5030e-01 -7.0000e-05 4.0095e-01 -2.6582e-01 8.0711e-01 1.1300e-03 2.2022e+00 2.1024e-01 6.0819e-01 1.2900e-03 4.8610e-02 4.8500e-03 2.6870e-02
 100.0   27.0 140.00 0.0000 0.0000 -1.7000e-04 1.1071e-01 -2.1090e-01 8.7118e-01 -5.7000e-04 2.8398e+00 1.3620e-01 4.3358e-01 -3.0000e-05 4.4899e-01 1.2259e-01 6.4335e-01 6.0000e-05 1.9500e+00 5.5847e-02 1.0251e-01 1.2500e-03 4.8930e-02 5.8500e-03 2.5860e-02
 100.0   27.0 140.00 0.0000 0.0000 -1.4000e-04 8.5804e-02 -1.2113e-01 7.3691e-01 3.0000e-04 2.4871e+00 -2.4923e-01 7.8644e-01 -1.4000e-04 4.7580e-01 -7.5690e-02 4.5030e-01 -4.0000e-05 1.8500e+00 1.8822e-01 4.6707e-01 1.0600e-03 4.9620e-02 5.8400e-03 2.6540e-02
 100.0   27.0 140.00 0.0000 0.0000 4.0000e-05 9.3984e-02 1.5824e-01 9.7095e-01 -6.1000e-04 2.6013e+00 -2.7400e-01 9.8761e-01 3.0000e-05 4.5099e-01 -1.0878e-01 6.0619e-01 -6.4000e-04 1.8899e+00 3.1284e-02 7.5108e-01 1.2400e-03 4.9570e-02 5.6700e-03 2.7340e-02
 100.0   27.0 140.00 0.0000 0.0000 1.1000e-04 9.0879e-02 2.2007e-01 9.8237e-01 -3.4000e-04 2.7808e+00 2.0744e-02 8.0957e-01 -6.6000e-04 4.7364e-01 -2.9412e-02 2.8905e-01 2.0000e-04 1.8996e+00 -4.0000e-02 1.0954e-01 1.1900e-03 4.9300e-02 5.8800e-03 2.6200e-02
 100.0   27.0 140.00 0.0000 0.0000 1.0000e-05 1.2300e-01 1.5147e-01 9.2308e-01 -1.0000e-04 2.7159e+00 -4.2167e-02 4.9834e-01 -3.2000e-04 4.8298e-01 1.1677e-01 8.2914e-01 4.9000e-04 1.8946e+00 -1.9858e-02 7.5402e-01 1.3900e-03 4.8020e-02 5.6000e-03 2.5490e-02
 100.0   27.0 140.00 0.0000 0.0000 2.7000e-04 1.0427e-01 1.2021e-01 7.9190e-01 1.9000e-04 2.4706e+00 8.9721e-03 6.4677e-02 -3.3000e-04 4.2791e-01 -4.8143e-02 6.3135e-01 6.0000e-05 1.7400e+00 6.1383e-03 9.7096e-02 1.2500e-03 4.8410e-02 5.2500e-03 2.5860e-02
 100.0   27.0 140.00 0.0000 0.0000 -4.0000e-05 8.5984e-02 -3.4520e-02 7.4159e-01 1.9000e-04 2.6246e+00 2.6114e-01 5.1094e-01 1.6000e-04 4.9974e-01 8.0057e-02 5.5116e-01 -8.0000e-05 1.8659e+00 5.1868e-02 1.6251e-01 1.0800e-03 4.9690e-02 5.9400e-03 2.6620e-02
 100.0   27.0 140.00 0.0000 0.0000 5.0000e-05 1.0497e-01 8.9786e-02 7.9768e-01 -7.7000e-04 2.6971e+00 3.7997e-02 8.8689e-01 0.0000e+00 4.3400e-01 1.6590e-01 2.5100e-01 -5.7000e-04 1.8198e+00 4.5955e-03 1.1095e+00 1.1500e-03 4.7690e-02 5.5800e-03 2.5330e-02
 100.0   27.0 140.00 0.0000 0.0000 7.0000e-05 1.1895e-01 3.7845e-02 6.4221e-01 1.1400e-03 2.5430e+00 -4.2937e-02 8.4436e-02 3.9000e-04 4.8148e-01 3.8647e-02 4.4080e-01 6.2000e-04 1.8962e+00 -2.0722e-01 3.9842e-01 1.4500e-03 5.0240e-02 5.7300e-03 2.6720e-02
