# Omega - roots -     T    - rhoB  - rhoQ -rhoP - sigma^2(P) - Ssigma(P) - Ksigma^2(P) - rhoQ - sigma^2(Q) - Ssigma(Q) - Ksigma^2(Q) - rhoK - sigma^2(K) - Ssigma(K) - Ksigma^2(K) - rhoPi - sigma^2(Pi) - Ssigma(Pi) - Ksigma^2(Pi) - TotrhoP - TotrhoQ - TotrhoK - TotrhoPi
 100.0   62.4 140.00 0.1000 0.0500 1.3560e-02 1.2553e+00 8.4306e-01 6.3842e-01 2.5940e-02 5.7652e+00 -9.8021e-02 -1.7089e+00 3.8900e-03 5.9368e-01 4.4016e-01 5.9143e-01 -3.2700e-03 3.2401e+00 -9.6147e-02 -4.7170e-02 1.3640e-02 9.3960e-02 7.2500e-03 3.9590e-02
 100.0   62.4 140.00 0.1000 0.0500 1.3650e-02 1.2798e+00 7.3686e-01 4.5307e-02 2.5930e-02 5.7834e+00 -3.2872e-02 -2.7206e-01 3.7600e-03 6.5862e-01 5.3735e-01 5.2183e-01 -3.7000e-03 3.3891e+00 -2.2881e-01 7.7242e-01 1.3810e-02 9.5510e-02 7.4200e-03 4.0580e-02
 100.0   62.4 140.00 0.1000 0.0500 1.4310e-02 1.3732e+00 7.3209e-01 4.0318e-02 2.5980e-02 5.7284e+00 -1.7572e-01 1.5172e+00 3.8300e-03 6.7231e-01 3.0095e-01 6.1248e-01 -2.7600e-03 3.3398e+00 -7.4735e-02 1.4877e-01 1.4470e-02 9.6780e-02 7.8300e-03 4.0960e-02
 100.0   62.4 140.00 0.1000 0.0500 1.4210e-02 1.3258e+00 8.5834e-01 4.0769e-01 2.8030e-02 6.3102e+00 1.3882e-01 2.3037e+00 3.7300e-03 6.2787e-01 3.3847e-01 4.3285e-01 -2.6900e-03 3.3786e+00 -2.9331e-01 5.6206e-01 1.4330e-02 9.6890e-02 7.0500e-03 4.0790e-02
 100.0   62.4 140.00 0.1000 0.0500 1.4160e-02 1.4529e+00 1.0164e+00 1.0881e+00 2.6780e-02 6.6403e+00 1.4004e-01 3.7448e-01 3.7500e-03 7.2437e-01 3.8840e-01 6.9834e-01 -2.6600e-03 3.5592e+00 -2.4918e-01 5.1406e-01 1.4320e-02 9.6640e-02 7.3300e-03 4.0480e-02
 100.0   62.4 140.00 0.1000 0.0500 1.4130e-02 1.3504e+00 9.3405e-01 7.0724e-01 2.6420e-02 6.6038e+00 2.2084e-01 7.9012e-01 3.3600e-03 5.9510e-01 2.5912e-01 4.5446e-01 -3.1500e-03 3.7798e+00 -5.0158e-01 1.0292e+00 1.4350e-02 9.8980e-02 7.1600e-03 4.2690e-02
 100.0   62.4 140.00 0.1000 0.0500 1.3700e-02 1.3071e+00 8.7405e-01 7.5528e-01 2.7770e-02 5.6433e+00 4.8808e-02 3.1345e-02 3.9700e-03 6.5939e-01 2.8980e-01 3.1052e-01 -3.0200e-03 3.4288e+00 -2.0998e-01 1.2552e+00 1.4020e-02 9.5930e-02 7.3700e-03 4.0360e-02
 100.0   62.4 140.00 0.1000 0.0500 1.3730e-02 1.2359e+00 7.3807e-01 2.9848e-01 2.5730e-02 6.4727e+00 3.6312e-01 7.6457e-01 3.6300e-03 6.7923e-01 6.6470e-01 9.7906e-01 -2.8500e-03 3.6798e+00 1.3489e-01 1.4851e+00 1.3950e-02 9.7210e-02 6.9500e-03 4.1250e-02
 100.0   62.4 140.00 0.1000 0.0500 1.3220e-02 1.3143e+00 9.8833e-01 1.1125e+00 2.3760e-02 5.9906e+00 -4.8506e-02 1.8517e+00 3.8000e-03 6.7760e-01 5.7064e-01 7.9829e-01 -4.0700e-03 3.6534e+00 -2.5808e-01 2.3229e-01 1.3300e-02 9.5680e-02 7.6000e-03 4.0430e-02
 100.0   62.4 140.00 0.1000 0.0500 1.3580e-02 1.3578e+00 1.1885e+00 1.9261e+00 2.5260e-02 5.9993e+00 4.1364e-01 1.2794e+00 3.4000e-03 6.5640e-01 5.5327e-01 6.6555e-01 -3.4800e-03 3.6129e+00 1.1238e-01 1.0862e+00 1.3760e-02 9.7540e-02 7.1600e-03 4.2020e-02
