# Omega - roots -     T    - rhoB  - rhoQ -rhoP - sigma^2(P) - Ssigma(P) - Ksigma^2(P) - rhoQ - sigma^2(Q) - Ssigma(Q) - Ksigma^2(Q) - rhoK - sigma^2(K) - Ssigma(K) - Ksigma^2(K) - rhoPi - sigma^2(Pi) - Ssigma(Pi) - Ksigma^2(Pi) - TotrhoP - TotrhoQ - TotrhoK - TotrhoPi
 100.0    7.7 155.00 0.0500 0.0250 7.4300e-03 9.3095e-01 5.5829e-01 4.4899e-01 1.1970e-02 9.9062e+00 8.5885e-02 1.3342e+00 1.7700e-03 1.2777e+00 -9.6260e-02 4.3329e-01 -3.8000e-03 7.2636e+00 -9.2602e-02 -1.7281e+00 9.7900e-03 1.7695e-01 1.4430e-02 9.5240e-02
 100.0    7.7 155.00 0.0500 0.0250 6.9400e-03 9.7436e-01 6.8262e-01 7.0381e-01 1.2420e-02 9.3314e+00 -2.2513e-01 -2.1796e-01 2.9600e-03 1.2784e+00 4.6845e-01 1.0845e+00 -2.7000e-03 7.2631e+00 -1.7117e-01 1.7812e+00 9.7600e-03 1.7816e-01 1.4880e-02 9.5720e-02
 100.0    7.7 155.00 0.0500 0.0250 6.9700e-03 8.9519e-01 5.8819e-01 5.8035e-01 1.1550e-02 9.4890e+00 1.3141e-01 1.4939e-01 2.7200e-03 1.1320e+00 2.2275e-01 6.2481e-01 -2.9500e-03 6.6720e+00 -6.5442e-02 5.9453e-01 9.7900e-03 1.7851e-01 1.4440e-02 9.5430e-02
 100.0    7.7 155.00 0.0500 0.0250 7.1100e-03 8.9348e-01 7.4516e-01 9.9500e-01 1.2480e-02 8.8285e+00 1.4548e-01 -7.7576e-01 2.4600e-03 1.2455e+00 8.3458e-02 9.6841e-01 -1.4700e-03 7.1594e+00 9.9934e-02 1.8016e+00 1.0030e-02 1.7620e-01 1.4300e-02 9.4810e-02
 100.0    7.7 155.00 0.0500 0.0250 7.4800e-03 8.5650e-01 6.1356e-01 6.5684e-01 1.3660e-02 8.9860e+00 -2.3114e-02 -1.4880e+00 2.9800e-03 1.2812e+00 2.6861e-01 1.0778e+00 -3.0900e-03 6.9115e+00 -5.8624e-03 1.1125e+00 9.9600e-03 1.7654e-01 1.4920e-02 9.4370e-02
 100.0    7.7 155.00 0.0500 0.0250 7.4700e-03 8.8299e-01 8.1698e-01 7.9141e-01 1.4300e-02 9.2071e+00 2.0129e-02 4.2148e-01 2.5900e-03 1.1919e+00 1.6067e-01 3.7113e-01 -1.7500e-03 7.1804e+00 -1.2199e-01 3.6840e+00 9.8700e-03 1.7484e-01 1.4310e-02 9.2970e-02
 100.0    7.7 155.00 0.0500 0.0250 6.6300e-03 8.5143e-01 5.6854e-01 4.6703e-01 1.2850e-02 9.6498e+00 -3.4478e-02 2.3943e-01 3.0200e-03 1.2768e+00 3.4279e-01 1.2660e-01 -1.2800e-03 7.1496e+00 -2.2693e-01 9.9191e-02 9.4700e-03 1.7707e-01 1.5260e-02 9.4880e-02
 100.0    7.7 155.00 0.0500 0.0250 6.7300e-03 9.1807e-01 7.4787e-01 1.2875e+00 1.2140e-02 8.9642e+00 -6.7694e-02 1.1706e-01 2.8400e-03 1.1533e+00 9.7494e-02 5.3671e-01 -3.1800e-03 6.6909e+00 8.3584e-02 1.2253e+00 9.3300e-03 1.7374e-01 1.4560e-02 9.3360e-02
 100.0    7.7 155.00 0.0500 0.0250 7.3100e-03 9.9864e-01 7.1935e-01 7.5434e-01 1.2490e-02 9.4030e+00 2.2349e-01 -6.8096e-01 2.3200e-03 1.1722e+00 1.0039e-01 7.6555e-01 -2.8900e-03 7.2435e+00 1.0564e-01 1.7250e+00 9.9700e-03 1.7715e-01 1.4160e-02 9.5050e-02
 100.0    7.7 155.00 0.0500 0.0250 7.1700e-03 9.6091e-01 7.2793e-01 1.1599e+00 1.0070e-02 9.4210e+00 -2.1531e-02 1.5295e+00 1.9200e-03 1.0871e+00 1.1841e-01 5.1670e-01 -3.8700e-03 7.2052e+00 7.6088e-02 -3.1082e-01 9.9900e-03 1.7477e-01 1.4300e-02 9.3790e-02
