# Omega - roots -     T    - rhoB  - rhoQ -rhoP - sigma^2(P) - Ssigma(P) - Ksigma^2(P) - rhoQ - sigma^2(Q) - Ssigma(Q) - Ksigma^2(Q) - rhoK - sigma^2(K) - Ssigma(K) - Ksigma^2(K) - rhoPi - sigma^2(Pi) - Ssigma(Pi) - Ksigma^2(Pi) - TotrhoP - TotrhoQ - TotrhoK - TotrhoPi
 100.0  200.0 140.00 0.0000 0.0000 -1.0000e-04 9.9900e-02 -7.0090e-02 6.9790e-01 -2.9000e-04 2.2642e+00 2.4910e-01 -2.8808e-01 -1.2000e-04 4.7586e-01 -1.5313e-01 6.4888e-01 -1.8000e-04 1.8337e+00 4.9214e-03 2.3558e-01 1.2200e-03 5.2970e-02 5.9400e-03 2.7360e-02
 100.0  200.0 140.00 0.0000 0.0000 7.0000e-05 1.0895e-01 -1.1825e-02 1.0041e+00 6.3000e-04 2.4350e+00 -4.0029e-02 2.4699e-01 1.2000e-04 4.4986e-01 1.1071e-01 5.7821e-01 2.4000e-04 2.0514e+00 9.7632e-02 6.8278e-01 1.2700e-03 5.1710e-02 5.6400e-03 2.7260e-02
 100.0  200.0 140.00 0.0000 0.0000 7.0000e-05 1.0895e-01 9.8317e-02 1.0010e+00 -5.6000e-04 2.6489e+00 -2.8118e-01 3.5437e-02 1.7000e-04 5.4671e-01 1.4471e-01 8.6333e-01 -9.2000e-04 1.9395e+00 -1.2327e-02 3.2752e-01 1.2100e-03 5.2500e-02 6.1900e-03 2.8240e-02
 100.0  200.0 140.00 0.0000 0.0000 -3.0000e-05 1.0499e-01 3.7574e-02 7.9981e-01 -1.1700e-03 2.6713e+00 -2.2901e-01 5.6673e-02 -5.2000e-04 5.1730e-01 -2.2262e-01 1.0146e+00 -4.3000e-04 1.9852e+00 -1.7673e-01 2.7512e-01 1.1700e-03 5.1830e-02 6.0200e-03 2.6690e-02
 100.0  200.0 140.00 0.0000 0.0000 -5.0000e-05 9.6975e-02 -3.6558e-02 9.5594e-01 -5.4000e-04 2.6691e+00 1.0811e-01 6.9222e-01 -2.6000e-04 4.4532e-01 -4.7712e-02 6.5355e-01 1.5000e-04 1.9688e+00 1.4426e-02 5.4674e-01 1.2700e-03 5.1020e-02 5.6000e-03 2.7090e-02
 100.0  200.0 140.00 0.0000 0.0000 -8.0000e-05 1.0994e-01 -4.8765e-02 8.8714e-01 2.1000e-04 2.7026e+00 1.8031e-02 1.0006e+00 3.8000e-04 5.2656e-01 9.4800e-02 6.3064e-01 2.7000e-04 1.9103e+00 -1.1399e-01 1.5656e+00 1.3400e-03 5.0890e-02 6.2000e-03 2.6390e-02
 100.0  200.0 140.00 0.0000 0.0000 -9.0000e-05 1.0692e-01 -5.7169e-02 9.0193e-01 -3.8000e-04 2.5746e+00 -1.8273e-01 6.9339e-01 9.0000e-05 4.7492e-01 4.5828e-03 5.0966e-01 -7.5000e-04 1.8734e+00 1.0192e-01 2.6072e-01 1.2100e-03 5.0860e-02 6.0900e-03 2.7310e-02
 100.0  200.0 140.00 0.0000 0.0000 2.0000e-05 9.5996e-02 7.7337e-02 8.3642e-01 -6.6000e-04 2.5616e+00 1.7001e-01 4.6999e-01 -4.1000e-04 4.5532e-01 -5.9138e-02 9.0935e-01 -3.0000e-05 2.0010e+00 1.4243e-01 7.9781e-01 1.1800e-03 5.2020e-02 6.1700e-03 2.7250e-02
 100.0  200.0 140.00 0.0000 0.0000 6.0000e-05 8.1964e-02 1.2840e-01 8.9766e-01 -3.5000e-04 2.4618e+00 5.4241e-02 3.6664e-01 -2.0000e-05 5.0000e-01 7.4001e-02 7.0060e-01 -7.7000e-04 1.9931e+00 -7.8343e-02 6.3569e-01 8.8000e-04 5.1510e-02 5.9600e-03 2.7370e-02
 100.0  200.0 140.00 0.0000 0.0000 -1.8000e-04 9.7676e-02 -4.3736e-01 1.5368e+00 -2.0000e-05 2.5820e+00 -2.1089e-01 3.3103e-02 -6.0000e-05 5.0196e-01 -2.9812e-02 3.7777e-01 -1.0000e-04 1.7879e+00 1.0984e-02 -1.0853e-01 1.1400e-03 5.1480e-02 5.8400e-03 2.7180e-02
