# Omega - roots -     T    - rhoB  - rhoQ -rhoP - sigma^2(P) - Ssigma(P) - Ksigma^2(P) - rhoQ - sigma^2(Q) - Ssigma(Q) - Ksigma^2(Q) - rhoK - sigma^2(K) - Ssigma(K) - Ksigma^2(K) - rhoPi - sigma^2(Pi) - Ssigma(Pi) - Ksigma^2(Pi) - TotrhoP - TotrhoQ - TotrhoK - TotrhoPi
 100.0   19.6 110.00 0.0500 0.0250 6.2700e-03 5.8787e-01 8.1774e-01 3.5614e-01 1.2200e-02 2.2456e+00 2.6151e-01 -3.0522e-01 5.7000e-04 9.3751e-02 5.6302e-01 8.6143e-01 -1.4000e-04 1.1698e+00 9.6712e-02 1.0751e+00 6.2700e-03 3.1580e-02 1.0500e-03 1.2760e-02
 100.0   19.6 110.00 0.0500 0.0250 6.8100e-03 6.5324e-01 9.0413e-01 6.7855e-01 1.1500e-02 2.1175e+00 4.5514e-01 6.8192e-01 6.7000e-04 1.0451e-01 5.5202e-01 7.8399e-01 -1.0000e-03 1.1000e+00 -1.7727e-01 9.4900e-01 6.8100e-03 3.1260e-02 1.1900e-03 1.2120e-02
 100.0   19.6 110.00 0.0500 0.0250 6.7300e-03 6.0607e-01 7.9615e-01 4.5193e-01 1.1960e-02 2.1476e+00 1.5631e-01 6.6399e-01 6.8000e-04 9.5376e-02 8.2022e-01 1.1404e+00 -6.5000e-04 1.0808e+00 -1.8133e-01 8.5347e-01 6.7300e-03 3.0760e-02 9.6000e-04 1.2130e-02
 100.0   19.6 110.00 0.0500 0.0250 6.8600e-03 6.3340e-01 8.8352e-01 8.0022e-01 1.2010e-02 2.0446e+00 2.8073e-01 8.0752e-02 7.4000e-04 8.8524e-02 6.7713e-01 6.9822e-01 -7.3000e-04 1.1077e+00 -9.5724e-02 5.2524e-01 6.8600e-03 3.1390e-02 1.0200e-03 1.2210e-02
 100.0   19.6 110.00 0.0500 0.0250 6.4400e-03 6.1126e-01 9.1278e-01 8.2895e-01 1.1590e-02 2.2777e+00 3.3652e-01 4.1329e-01 9.6000e-04 1.1678e-01 7.3196e-01 8.0248e-01 -6.8000e-04 1.0914e+00 -9.5738e-04 1.0666e+00 6.4400e-03 3.0930e-02 1.2800e-03 1.2280e-02
 100.0   19.6 110.00 0.0500 0.0250 6.5800e-03 6.1904e-01 8.9677e-01 8.2337e-01 1.1640e-02 2.1191e+00 3.2513e-01 5.0942e-01 6.7000e-04 1.0051e-01 6.4169e-01 9.0219e-01 -7.3000e-04 1.0597e+00 -1.8359e-01 7.6399e-01 6.5800e-03 3.0760e-02 1.0900e-03 1.2350e-02
 100.0   19.6 110.00 0.0500 0.0250 6.5100e-03 6.3520e-01 9.6121e-01 8.9400e-01 1.1940e-02 2.2964e+00 5.1569e-01 6.8596e-01 7.1000e-04 9.5959e-02 5.8570e-01 6.9286e-01 -4.1000e-04 1.1333e+00 -2.9588e-02 1.3984e+00 6.5100e-03 3.0700e-02 1.0300e-03 1.2270e-02
 100.0   19.6 110.00 0.0500 0.0250 5.7600e-03 5.0022e-01 7.8067e-01 4.9527e-01 1.1600e-02 2.2064e+00 2.2155e-01 6.3406e-01 6.9000e-04 9.2239e-02 6.0254e-01 7.0988e-01 -1.4000e-04 1.1658e+00 -1.1926e-01 9.4317e-01 5.7600e-03 2.9680e-02 9.9000e-04 1.1700e-02
 100.0   19.6 110.00 0.0500 0.0250 6.4600e-03 6.0068e-01 8.5617e-01 5.8003e-01 1.0970e-02 2.3616e+00 4.0010e-01 1.6140e+00 5.7000e-04 9.1751e-02 5.1362e-01 7.5423e-01 -6.8000e-04 1.1594e+00 5.8886e-03 1.0085e+00 6.4600e-03 2.9850e-02 9.7000e-04 1.1980e-02
 100.0   19.6 110.00 0.0500 0.0250 6.7800e-03 6.3632e-01 9.4618e-01 8.8975e-01 1.1810e-02 2.1302e+00 7.3623e-01 8.4026e-01 7.2000e-04 1.0282e-01 5.9736e-01 7.7199e-01 -4.0000e-04 1.0244e+00 5.1730e-02 9.1415e-01 6.7800e-03 3.0870e-02 1.0400e-03 1.2280e-02
