# Omega - roots -     T    - rhoB  - rhoQ -rhoP - sigma^2(P) - Ssigma(P) - Ksigma^2(P) - rhoQ - sigma^2(Q) - Ssigma(Q) - Ksigma^2(Q) - rhoK - sigma^2(K) - Ssigma(K) - Ksigma^2(K) - rhoPi - sigma^2(Pi) - Ssigma(Pi) - Ksigma^2(Pi) - TotrhoP - TotrhoQ - TotrhoK - TotrhoPi
 100.0   39.0 140.00 0.1000 0.0500 1.3990e-02 1.2958e+00 6.9178e-01 6.4785e-02 2.5530e-02 6.3232e+00 3.4978e-01 1.1148e+00 3.3400e-03 6.4044e-01 2.9513e-01 6.2434e-01 -3.1100e-03 3.7043e+00 -2.5722e-01 6.5319e-01 1.4190e-02 9.6450e-02 7.5000e-03 4.1610e-02
 100.0   39.0 140.00 0.1000 0.0500 1.3670e-02 1.2423e+00 8.7883e-01 6.8755e-01 2.5350e-02 6.4948e+00 1.0928e-01 1.9722e-02 3.5500e-03 6.0498e-01 3.9995e-01 4.6299e-01 -2.8100e-03 3.5940e+00 -1.1214e-01 -4.9536e-01 1.3870e-02 9.4630e-02 7.1900e-03 4.0470e-02
 100.0   39.0 140.00 0.1000 0.0500 1.4170e-02 1.3031e+00 6.8474e-01 -3.9492e-02 2.6000e-02 6.1380e+00 2.0196e-01 3.0729e-01 3.4200e-03 6.7704e-01 4.8352e-01 8.7769e-01 -2.9200e-03 3.6027e+00 -4.4386e-01 5.6811e-01 1.4370e-02 9.5460e-02 7.2000e-03 4.0760e-02
 100.0   39.0 140.00 0.1000 0.0500 1.4210e-02 1.2978e+00 7.9777e-01 2.8625e-01 2.4600e-02 6.0384e+00 1.0891e-01 1.4274e-01 3.2900e-03 6.3476e-01 3.7318e-01 8.1062e-01 -4.1200e-03 3.4503e+00 -2.6534e-02 9.9052e-01 1.4310e-02 9.4800e-02 7.0300e-03 4.0540e-02
 100.0   39.0 140.00 0.1000 0.0500 1.4490e-02 1.4794e+00 1.0448e+00 1.4039e+00 2.6760e-02 6.4490e+00 4.9906e-01 1.8475e+00 4.0600e-03 6.9116e-01 3.9244e-01 8.5022e-01 -2.8900e-03 3.9255e+00 1.6629e-03 4.5810e-01 1.4730e-02 9.6540e-02 7.6800e-03 4.0430e-02
 100.0   39.0 140.00 0.1000 0.0500 1.4350e-02 1.3578e+00 8.4608e-01 4.2429e-01 2.6480e-02 6.2281e+00 -6.5753e-02 1.5388e-01 3.8100e-03 6.2584e-01 5.5663e-01 9.9534e-01 -3.0900e-03 3.6215e+00 -1.3098e-01 -1.6439e-01 1.4510e-02 9.6240e-02 7.2100e-03 4.0930e-02
 100.0   39.0 140.00 0.1000 0.0500 1.3630e-02 1.3932e+00 9.8902e-01 7.7380e-01 2.5240e-02 5.9014e+00 -1.2995e-01 6.2719e-01 3.5300e-03 6.7039e-01 5.7439e-01 1.0117e+00 -3.4300e-03 3.4194e+00 -1.6498e-01 -4.0371e-01 1.3790e-02 9.6480e-02 7.1100e-03 4.1390e-02
 100.0   39.0 140.00 0.1000 0.0500 1.4200e-02 1.2956e+00 6.9270e-01 -1.0639e-01 2.5770e-02 6.2381e+00 3.8037e-01 7.8135e-01 3.3700e-03 5.9543e-01 3.6738e-01 5.2379e-01 -2.7400e-03 3.5389e+00 -1.2445e-01 2.7759e+00 1.4460e-02 9.5110e-02 7.2500e-03 4.0460e-02
 100.0   39.0 140.00 0.1000 0.0500 1.3580e-02 1.2838e+00 7.4408e-01 1.7733e-01 2.4770e-02 6.2195e+00 3.5315e-01 5.8210e-01 3.5800e-03 6.3984e-01 3.3279e-01 4.1020e-01 -3.7500e-03 3.4124e+00 -2.1256e-01 1.0260e+00 1.3720e-02 9.5990e-02 7.0200e-03 4.0570e-02
 100.0   39.0 140.00 0.1000 0.0500 1.4280e-02 1.3408e+00 7.1747e-01 -1.8164e-01 2.6680e-02 5.8578e+00 2.9925e-01 -6.7993e-01 3.9100e-03 6.8612e-01 3.9411e-01 1.1296e+00 -3.7500e-03 3.3604e+00 -1.3149e-01 1.7700e-01 1.4480e-02 9.7020e-02 7.7500e-03 4.0610e-02
