# Omega - roots -     T    - rhoB  - rhoQ -rhoP - sigma^2(P) - Ssigma(P) - Ksigma^2(P) - rhoQ - sigma^2(Q) - Ssigma(Q) - Ksigma^2(Q) - rhoB - sigma^2(B) - Ssigma(B) - Ksigma^2(B) - rhoK - sigma^2(K) - Ssigma(K) - Ksigma^2(K) - rhoPi - sigma^2(Pi) - Ssigma(Pi) - Ksigma^2(Pi) - TotrhoP - TotrhoQ - TotrhoK - TotrhoPi
 100.0  200.0 155.66 0.0050 0.0025 8.8900e+00 -7.8225e+05 -1.7689e+03 4.6936e+06 -6.8900e+00 -4.6403e+05 1.3623e+03 2.7839e+06 1.9436e+02 -3.7653e+08 -3.8809e+04 2.2592e+09 1.8000e+00 -3.0178e+04 -3.4704e+02 1.8079e+05 -2.2700e+00 -2.3930e+04 1.9384e+02 4.9288e+04 2.3890e+01 1.1990e+03 8.8720e+01 6.1529e+02
 100.0  200.0 155.66 0.0050 0.0025 5.3700e+00 -2.8589e+05 -1.0694e+03 1.7154e+06 4.0560e+01 -1.6358e+07 -8.0890e+03 9.8148e+07 1.9736e+02 -3.8819e+08 -3.9405e+04 2.3291e+09 2.5200e+00 -6.1764e+04 -4.9703e+02 3.7057e+05 3.2530e+01 -1.0510e+07 -6.4838e+03 6.3059e+07 1.8410e+01 1.2021e+03 6.8780e+01 6.1863e+02
 100.0  200.0 155.66 0.0050 0.0025 7.0400e+00 -4.8860e+05 -1.3981e+03 2.9317e+06 -4.0600e+01 -1.6366e+07 8.0911e+03 9.8198e+07 2.0102e+02 -4.0275e+08 -4.0137e+04 2.4165e+09 1.2000e-01 4.0800e+02 -4.0471e+01 -1.8594e+02 -2.7980e+01 -7.7694e+06 5.5748e+03 4.6617e+07 2.4100e+01 1.2238e+03 8.2000e+01 6.4526e+02
 100.0  200.0 155.66 0.0050 0.0025 7.1200e+00 -5.0351e+05 -1.4192e+03 3.0211e+06 2.3220e+01 -5.3559e+06 -4.6286e+03 3.2136e+07 2.1159e+02 -4.4629e+08 -4.2251e+04 2.6777e+09 -5.8400e+00 -3.3458e+05 1.1568e+03 2.0074e+06 -1.5010e+01 -2.2329e+06 2.9886e+03 1.3397e+07 1.8960e+01 1.2092e+03 9.0120e+01 6.9667e+02
 100.0  200.0 155.66 0.0050 0.0025 6.8100e+00 -4.5642e+05 -1.3512e+03 2.7387e+06 -2.5480e+01 -6.4552e+06 5.0814e+03 3.8731e+07 2.0224e+02 -4.0760e+08 -4.0378e+04 2.4456e+09 7.6600e+00 -5.8112e+05 -1.5246e+03 3.4868e+06 -5.2430e+01 -2.7342e+07 1.0458e+04 1.6405e+08 2.0150e+01 1.2185e+03 8.4340e+01 6.3403e+02
 100.0  200.0 155.66 0.0050 0.0025 1.1590e+01 -1.3308e+06 -2.3072e+03 7.9847e+06 -7.4800e+00 -5.3705e+05 1.4648e+03 3.2197e+06 1.6426e+02 -2.6886e+08 -3.2794e+04 1.6132e+09 8.3900e+00 -6.9773e+05 -1.6706e+03 4.1864e+06 -4.1880e+01 -1.7432e+07 8.3503e+03 1.0459e+08 2.8170e+01 1.2445e+03 6.8590e+01 6.5382e+02
 100.0  200.0 155.66 0.0050 0.0025 9.5600e+00 -9.0698e+05 -1.9047e+03 5.4420e+06 3.6800e+00 -1.2399e+05 -7.0238e+02 7.4122e+05 1.9953e+02 -3.9677e+08 -3.9838e+04 2.3806e+09 6.3700e+00 -4.0332e+05 -1.2702e+03 2.4200e+06 -5.5780e+01 -3.0914e+07 1.1120e+04 1.8549e+08 2.4860e+01 1.2909e+03 8.5230e+01 6.4340e+02
 100.0  200.0 155.66 0.0050 0.0025 1.3200e+00 -1.6850e+04 -2.5956e+02 1.0107e+05 7.8500e+00 -5.9301e+05 -1.5402e+03 3.5581e+06 1.8023e+02 -3.2374e+08 -3.5986e+04 1.9425e+09 1.1660e+01 -1.3472e+06 -2.3214e+03 8.0832e+06 -1.1020e+01 -1.1976e+06 2.1887e+03 7.1856e+06 2.4300e+01 1.1851e+03 8.9980e+01 5.8926e+02
 100.0  200.0 155.66 0.0050 0.0025 7.5500e+00 -5.6648e+05 -1.5053e+03 3.3989e+06 3.6660e+01 -1.3292e+07 -7.2918e+03 7.9754e+07 2.2679e+02 -5.1256e+08 -4.5280e+04 3.0754e+09 3.8400e+00 -1.4360e+05 -7.5794e+02 8.6169e+05 -3.8280e+01 -1.4582e+07 7.6372e+03 8.7490e+07 1.9350e+01 1.2029e+03 6.4020e+01 6.2026e+02
 100.0  200.0 155.66 0.0050 0.0025 5.5300e+00 -3.0144e+05 -1.0981e+03 1.8087e+06 2.1900e+01 -4.7670e+06 -4.3667e+03 2.8602e+07 2.1761e+02 -4.7191e+08 -4.3447e+04 2.8315e+09 3.1300e+00 -9.6376e+04 -6.2088e+02 5.7825e+05 -1.1370e+01 -1.2807e+06 2.2634e+03 7.6844e+06 2.5430e+01 1.3052e+03 8.5490e+01 6.7881e+02
 100.0  200.0 155.66 0.0050 0.0025 3.0500e+00 -9.1418e+04 -6.0473e+02 5.4853e+05 2.1310e+01 -4.4748e+06 -4.2308e+03 2.6850e+07 1.9556e+02 -3.8117e+08 -3.9047e+04 2.2870e+09 1.5180e+01 -2.2704e+06 -3.0136e+03 1.3623e+07 -2.8660e+01 -8.1451e+06 5.7080e+03 4.8871e+07 2.3970e+01 1.2655e+03 8.9940e+01 6.6554e+02
 100.0  200.0 155.66 0.0050 0.0025 6.7000e+00 -4.4282e+05 -1.3309e+03 2.6571e+06 6.0690e+01 -3.6618e+07 -1.2103e+04 2.1971e+08 2.1091e+02 -4.4337e+08 -4.2113e+04 2.6602e+09 1.0220e+01 -1.0388e+06 -2.0385e+03 6.2330e+06 -1.6200e+00 4.7860e+03 1.2715e+03 5.1124e+05 1.7020e+01 1.2019e+03 6.8260e+01 6.6116e+02
 100.0  200.0 155.66 0.0050 0.0025 2.7000e-01 -4.3400e+02 -3.6083e+01 2.0471e+03 -2.8800e+00 -6.2230e+04 4.8382e+02 3.5685e+05 1.7183e+02 -2.9421e+08 -3.4305e+04 1.7652e+09 -8.2000e+00 -6.6642e+05 1.6327e+03 3.9985e+06 1.2980e+01 -1.6635e+06 -2.5796e+03 9.9813e+06 2.3030e+01 1.2355e+03 7.1940e+01 6.3258e+02
 100.0  200.0 155.66 0.0050 0.0025 -2.1000e-01 2.1200e+02 1.0797e+02 4.8892e+03 8.9120e+01 -7.8989e+07 -1.7775e+04 4.7394e+08 1.9341e+02 -3.7284e+08 -3.8618e+04 2.2370e+09 2.0000e+00 -3.8112e+04 -3.9015e+02 2.2844e+05 4.8350e+01 -2.3246e+07 -9.6428e+03 1.3947e+08 2.3630e+01 1.2456e+03 6.5700e+01 6.5889e+02
 100.0  200.0 155.66 0.0050 0.0025 1.0730e+01 -1.1422e+06 -2.1375e+03 6.8533e+06 -6.9800e+00 -4.6035e+05 1.3559e+03 2.7591e+06 1.9348e+02 -3.7310e+08 -3.8632e+04 2.2386e+09 -9.7000e+00 -9.3209e+05 1.9309e+03 5.5927e+06 -8.4100e+00 -6.8733e+05 1.6580e+03 4.1237e+06 2.5150e+01 1.2551e+03 6.5640e+01 6.8023e+02
 100.0  200.0 155.66 0.0050 0.0025 1.2700e+00 -1.5666e+04 -2.5032e+02 9.3993e+04 1.4800e+01 -2.1643e+06 -2.9423e+03 1.2986e+07 1.6871e+02 -2.8361e+08 -3.3681e+04 1.7016e+09 3.9700e+00 -1.5563e+05 -7.8901e+02 9.3380e+05 -2.6970e+01 -7.2351e+06 5.3796e+03 4.3411e+07 1.6930e+01 1.2628e+03 6.4590e+01 6.2815e+02
 100.0  200.0 155.66 0.0050 0.0025 3.5500e+00 -1.2359e+05 -7.0312e+02 7.4156e+05 4.6000e-01 9.2260e+03 -1.5136e+02 -1.2860e+04 2.2175e+02 -4.9015e+08 -4.4279e+04 2.9409e+09 -2.6000e-01 1.5200e+02 2.0396e+02 1.3805e+04 -3.1000e+01 -9.5320e+06 6.1749e+03 5.7193e+07 1.7590e+01 1.1868e+03 7.1520e+01 6.1316e+02
 100.0  200.0 155.66 0.0050 0.0025 1.0500e+00 -1.0416e+04 -2.0398e+02 6.2437e+04 1.0790e+01 -1.1553e+06 -2.1497e+03 6.9320e+06 1.9696e+02 -3.8659e+08 -3.9324e+04 2.3196e+09 -5.3000e-01 -4.9600e+02 -1.4588e+02 -3.0508e+04 1.6150e+01 -2.5796e+06 -3.2121e+03 1.5477e+07 1.8110e+01 1.2097e+03 8.0450e+01 6.0807e+02
 100.0  200.0 155.66 0.0050 0.0025 3.6600e+00 -1.3267e+05 -7.2849e+02 7.9604e+05 5.8070e+01 -3.3437e+07 -1.1565e+04 2.0063e+08 2.1821e+02 -4.7456e+08 -4.3569e+04 2.8474e+09 1.7100e+00 -2.7646e+04 -3.3233e+02 1.6573e+05 6.6060e+01 -4.3327e+07 -1.3165e+04 2.5997e+08 2.3880e+01 1.2290e+03 6.0990e+01 6.2982e+02
 100.0  200.0 155.66 0.0050 0.0025 2.6500e+00 -6.9632e+04 -5.2777e+02 4.1780e+05 7.9800e+01 -6.3276e+07 -1.5909e+04 3.7966e+08 1.6606e+02 -2.7484e+08 -3.3157e+04 1.6491e+09 9.9200e+00 -9.7550e+05 -1.9754e+03 5.8531e+06 4.4900e+01 -2.0046e+07 -8.9546e+03 1.2028e+08 2.3950e+01 1.2007e+03 8.2380e+01 6.4352e+02
 100.0  200.0 155.66 0.0050 0.0025 2.2400e+00 -4.7510e+04 -4.3579e+02 2.8493e+05 -1.4090e+01 -1.9711e+06 2.8080e+03 1.1827e+07 1.9320e+02 -3.7203e+08 -3.8576e+04 2.2322e+09 -1.8940e+01 -3.5657e+06 3.7766e+03 2.1394e+07 1.8770e+01 -3.4891e+06 -3.7358e+03 2.0935e+07 1.9220e+01 1.2412e+03 6.0700e+01 6.7323e+02
 100.0  200.0 155.66 0.0050 0.0025 1.1800e+00 -1.3018e+04 -2.2810e+02 7.8065e+04 5.8100e+00 -3.3078e+05 -1.1502e+03 1.9846e+06 2.1826e+02 -4.7482e+08 -4.3581e+04 2.8490e+09 4.4400e+00 -1.9206e+05 -8.7648e+02 1.1523e+06 -4.3200e+00 -1.7991e+05 8.4790e+02 1.0787e+06 1.6180e+01 1.1535e+03 6.9340e+01 6.2298e+02
 100.0  200.0 155.66 0.0050 0.0025 5.8900e+00 -3.4334e+05 -1.1719e+03 2.0601e+06 1.3130e+01 -1.6680e+06 -2.5827e+03 1.0006e+07 1.8987e+02 -3.5932e+08 -3.7912e+04 2.1559e+09 4.7500e+00 -2.2082e+05 -9.3980e+02 1.3249e+06 -1.0760e+01 -1.1453e+06 2.1404e+03 6.8719e+06 3.3510e+01 1.2434e+03 8.3250e+01 6.5906e+02
 100.0  200.0 155.66 0.0050 0.0025 9.1000e-01 -7.9280e+03 -1.7800e+02 4.7539e+04 2.8900e+00 -7.6742e+04 -5.5294e+02 4.5919e+05 1.8540e+02 -3.4263e+08 -3.7021e+04 2.0558e+09 -9.7400e+00 -9.4179e+05 1.9409e+03 5.6508e+06 -3.4100e+00 -8.4552e+04 5.5802e+02 4.7689e+05 2.2190e+01 1.2420e+03 7.6920e+01 6.4895e+02
 100.0  200.0 155.66 0.0050 0.0025 -2.2800e+00 -5.0720e+04 4.5040e+02 3.0430e+05 4.7100e+00 -2.0326e+05 -8.9945e+02 1.2154e+06 1.9973e+02 -3.9761e+08 -3.9881e+04 2.3857e+09 -3.4000e-01 2.4400e+02 2.6983e+02 2.3621e+04 -9.0700e+00 -8.0467e+05 1.7940e+03 4.8279e+06 2.4680e+01 1.2708e+03 9.2920e+01 6.1791e+02
 100.0  200.0 155.66 0.0050 0.0025 6.3500e+00 -3.9755e+05 -1.2611e+03 2.3854e+06 -2.8380e+01 -7.9991e+06 5.6566e+03 4.7995e+07 2.3550e+02 -5.5272e+08 -4.7020e+04 3.3163e+09 -5.7200e+00 -3.2069e+05 1.1326e+03 1.9242e+06 1.6270e+01 -2.6264e+06 -3.2413e+03 1.5759e+07 2.4130e+01 1.2387e+03 8.0040e+01 6.2023e+02
 100.0  200.0 155.66 0.0050 0.0025 3.4600e+00 -1.1786e+05 -6.8661e+02 7.0714e+05 -5.3420e+01 -2.8404e+07 1.0659e+04 1.7043e+08 2.1508e+02 -4.6107e+08 -4.2945e+04 2.7664e+09 7.7000e-01 -4.9440e+03 -1.3874e+02 2.9100e+04 -1.5220e+01 -2.3000e+06 3.0332e+03 1.3800e+07 1.7340e+01 1.2606e+03 8.1470e+01 6.8148e+02
 100.0  200.0 155.66 0.0050 0.0025 -4.3100e+00 -1.8361e+05 8.5701e+02 1.1017e+06 4.0430e+01 -1.6254e+07 -8.0632e+03 9.7523e+07 2.2040e+02 -4.8412e+08 -4.4006e+04 2.9047e+09 -7.0000e-01 -3.2160e+03 1.0205e+02 1.6270e+04 6.7500e+00 -4.3913e+05 -1.3251e+03 2.6342e+06 1.3690e+01 1.2046e+03 6.5460e+01 6.0211e+02
 100.0  200.0 155.66 0.0050 0.0025 3.9500e+00 -1.5370e+05 -7.8411e+02 9.2223e+05 -7.2900e+00 -4.9994e+05 1.4129e+03 2.9961e+06 2.1757e+02 -4.7181e+08 -4.3442e+04 2.8309e+09 -1.9600e+00 -3.7444e+04 3.8697e+02 2.2463e+05 -4.7900e+00 -2.0754e+05 9.0849e+02 1.2403e+06 1.5330e+01 1.1730e+03 6.6920e+01 6.1259e+02
 100.0  200.0 155.66 0.0050 0.0025 -3.9200e+00 -1.5273e+05 7.8161e+02 9.1637e+05 3.6950e+01 -1.3562e+07 -7.3653e+03 8.1371e+07 2.0998e+02 -4.3940e+08 -4.1924e+04 2.6364e+09 1.2870e+01 -1.6437e+06 -2.5641e+03 9.8621e+06 2.7750e+01 -7.6645e+06 -5.5370e+03 4.5987e+07 2.8060e+01 1.2520e+03 8.0970e+01 6.2413e+02
 100.0  200.0 155.66 0.0050 0.0025 1.1100e+00 -1.1958e+04 -2.1870e+02 7.1746e+04 -7.3000e+00 -5.2509e+05 1.4492e+03 3.1505e+06 2.4202e+02 -5.8379e+08 -4.8323e+04 3.5027e+09 6.3800e+00 -4.0311e+05 -1.2698e+03 2.4187e+06 -1.5610e+01 -2.3898e+06 3.0918e+03 1.4339e+07 1.9590e+01 1.2714e+03 7.2780e+01 6.6939e+02
 100.0  200.0 155.66 0.0050 0.0025 6.0300e+00 -3.6059e+05 -1.2010e+03 2.1636e+06 3.8230e+01 -1.4495e+07 -7.6146e+03 8.6972e+07 1.9109e+02 -3.6393e+08 -3.8154e+04 2.1836e+09 5.7900e+00 -3.3139e+05 -1.1514e+03 1.9884e+06 1.2080e+01 -1.4407e+06 -2.4006e+03 8.6445e+06 2.9130e+01 1.2128e+03 6.7070e+01 6.5410e+02
 100.0  200.0 155.66 0.0050 0.0025 2.2300e+00 -4.8978e+04 -4.4266e+02 2.9391e+05 -4.8140e+01 -2.3053e+07 9.6028e+03 1.3832e+08 1.8773e+02 -3.5123e+08 -3.7483e+04 2.1074e+09 -3.0100e+00 -8.8564e+04 5.9510e+02 5.3128e+05 -6.0610e+01 -3.6501e+07 1.2083e+04 2.1901e+08 1.9530e+01 1.1686e+03 8.8250e+01 5.8985e+02
 100.0  200.0 155.66 0.0050 0.0025 8.2000e-01 -6.5260e+03 -1.6154e+02 3.9146e+04 2.0610e+01 -4.1495e+06 -4.0741e+03 2.4897e+07 1.8494e+02 -3.4080e+08 -3.6922e+04 2.0448e+09 -1.3340e+01 -1.7659e+06 2.6578e+03 1.0595e+07 3.2220e+01 -1.0271e+07 -6.4099e+03 6.1630e+07 2.1420e+01 1.2501e+03 8.7200e+01 6.6156e+02
 100.0  200.0 155.66 0.0050 0.0025 6.8500e+00 -4.6395e+05 -1.3623e+03 2.7838e+06 2.9500e+01 -8.6375e+06 -5.8780e+03 5.1826e+07 2.1896e+02 -4.7781e+08 -4.3718e+04 2.8669e+09 -5.4500e+00 -2.9211e+05 1.0809e+03 1.7527e+06 4.0860e+01 -1.6604e+07 -8.1496e+03 9.9623e+07 2.0970e+01 1.2646e+03 7.8750e+01 6.5876e+02
 100.0  200.0 155.66 0.0050 0.0025 3.4800e+00 -1.2016e+05 -6.9330e+02 7.2098e+05 1.7030e+01 -2.8313e+06 -3.3651e+03 1.6986e+07 1.6285e+02 -2.6430e+08 -3.2514e+04 1.5858e+09 -1.0650e+01 -1.1270e+06 2.1232e+03 6.7621e+06 5.6400e+00 -3.0261e+05 -1.0995e+03 1.8142e+06 2.5320e+01 1.2780e+03 7.1010e+01 6.9306e+02
 100.0  200.0 155.66 0.0050 0.0025 2.6300e+00 -6.8454e+04 -5.2329e+02 4.1074e+05 3.9940e+01 -1.5817e+07 -7.9542e+03 9.4902e+07 2.2445e+02 -5.0207e+08 -4.4814e+04 3.0124e+09 -9.1600e+00 -8.2983e+05 1.8219e+03 4.9791e+06 1.3380e+01 -1.7749e+06 -2.6645e+03 1.0650e+07 1.5830e+01 1.1875e+03 8.7940e+01 6.0078e+02
 100.0  200.0 155.66 0.0050 0.0025 -2.2000e-01 1.2600e+02 1.3976e+02 7.2061e+03 2.1670e+01 -4.6512e+06 -4.3134e+03 2.7908e+07 1.9709e+02 -3.8719e+08 -3.9354e+04 2.3231e+09 8.7000e-01 -7.0020e+03 -1.6715e+02 4.1941e+04 -7.3800e+00 -5.3154e+05 1.4581e+03 3.1891e+06 2.2720e+01 1.1569e+03 5.8250e+01 6.0478e+02
 100.0  200.0 155.66 0.0050 0.0025 5.6800e+00 -3.1773e+05 -1.1274e+03 1.9065e+06 -1.0470e+01 -1.0833e+06 2.0816e+03 6.4995e+06 1.7039e+02 -2.8937e+08 -3.4022e+04 1.7362e+09 -4.4700e+00 -1.9787e+05 8.8966e+02 1.1872e+06 -6.0100e+00 -3.5113e+05 1.1850e+03 2.1066e+06 2.6820e+01 1.1143e+03 5.9130e+01 5.7909e+02
 100.0  200.0 155.66 0.0050 0.0025 0.0000e+00 6.9800e+02 8.3381e-01 -2.0844e+03 -4.0100e+01 -1.5977e+07 7.9943e+03 9.5863e+07 2.0633e+02 -4.2434e+08 -4.1199e+04 2.5460e+09 9.7000e+00 -9.3510e+05 -1.9340e+03 5.6106e+06 -1.9270e+01 -3.6727e+06 3.8329e+03 2.2037e+07 2.5340e+01 1.2333e+03 6.3980e+01 6.8361e+02
 100.0  200.0 155.66 0.0050 0.0025 3.6600e+00 -1.3214e+05 -7.2705e+02 7.9288e+05 3.6270e+01 -1.3020e+07 -7.2169e+03 7.8124e+07 2.1454e+02 -4.5876e+08 -4.2837e+04 2.7526e+09 7.8000e-01 -5.2700e+03 -1.4426e+02 3.1336e+04 1.1640e+01 -1.3359e+06 -2.3117e+03 8.0155e+06 1.3720e+01 1.2419e+03 6.8200e+01 6.8550e+02
 100.0  200.0 155.66 0.0050 0.0025 3.7900e+00 -1.4235e+05 -7.5461e+02 8.5414e+05 -2.5680e+01 -6.4918e+06 5.0958e+03 3.8951e+07 1.7480e+02 -3.0451e+08 -3.4900e+04 1.8270e+09 -1.3400e+00 -1.4186e+04 2.3259e+02 8.2203e+04 -5.8900e+00 -3.3246e+05 1.1527e+03 1.9937e+06 1.9030e+01 1.3019e+03 8.7200e+01 6.6585e+02
 100.0  200.0 155.66 0.0050 0.0025 2.1000e+00 -4.2844e+04 -4.1398e+02 2.5706e+05 -9.5200e+00 -8.8463e+05 1.8810e+03 5.3075e+06 1.7676e+02 -3.1136e+08 -3.5291e+04 1.8682e+09 -1.1530e+01 -1.3182e+06 2.2963e+03 7.9095e+06 2.6000e+00 -6.0142e+04 -4.8790e+02 3.5821e+05 1.9760e+01 1.2545e+03 5.8330e+01 6.8256e+02
 100.0  200.0 155.66 0.0050 0.0025 -1.1300e+00 -1.0840e+04 2.0553e+02 6.3841e+04 -1.2210e+01 -1.4709e+06 2.4256e+03 8.8255e+06 2.3761e+02 -5.6281e+08 -4.7447e+04 3.3769e+09 5.9100e+00 -3.4489e+05 -1.1746e+03 2.0694e+06 -1.6330e+01 -2.6469e+06 3.2539e+03 1.5882e+07 2.3450e+01 1.1841e+03 7.2750e+01 6.0003e+02
 100.0  200.0 155.66 0.0050 0.0025 3.2200e+00 -1.0253e+05 -6.4043e+02 6.1522e+05 7.3200e+00 -5.0182e+05 -1.4150e+03 3.0057e+06 1.7687e+02 -3.1169e+08 -3.5309e+04 1.8701e+09 -8.5500e+00 -7.2392e+05 1.7017e+03 4.3436e+06 5.6070e+01 -3.1231e+07 -1.1177e+04 1.8739e+08 1.9760e+01 1.2835e+03 5.5830e+01 6.8287e+02
 100.0  200.0 155.66 0.0050 0.0025 8.0700e+00 -6.4575e+05 -1.6072e+03 3.8746e+06 -1.4070e+01 -1.9622e+06 2.8016e+03 1.1773e+07 1.7573e+02 -3.0777e+08 -3.5087e+04 1.8466e+09 -1.9900e+00 -3.8542e+04 3.9262e+02 2.3123e+05 -3.3920e+01 -1.1446e+07 6.7663e+03 6.8675e+07 1.6430e+01 1.1604e+03 7.5230e+01 6.0950e+02
 100.0  200.0 155.66 0.0050 0.0025 2.9000e-01 1.3600e+02 -2.5010e+02 1.8450e+04 6.1510e+01 -3.7635e+07 -1.2270e+04 2.2581e+08 2.0015e+02 -3.9923e+08 -3.9961e+04 2.3954e+09 7.6600e+00 -5.8093e+05 -1.5244e+03 3.4857e+06 3.3070e+01 -1.0878e+07 -6.5963e+03 6.5266e+07 2.0110e+01 1.2889e+03 7.2820e+01 6.9653e+02
 100.0  200.0 155.66 0.0050 0.0025 5.9000e+00 -3.4564e+05 -1.1758e+03 2.0738e+06 -3.2690e+01 -1.0562e+07 6.5001e+03 6.3376e+07 1.5848e+02 -2.5027e+08 -3.1640e+04 1.5016e+09 1.6000e+01 -2.5452e+06 -3.1908e+03 1.5271e+07 -6.3000e-01 2.1252e+04 1.9097e+02 -3.9918e+04 2.5120e+01 1.2562e+03 7.3640e+01 6.5535e+02
 100.0  200.0 155.66 0.0050 0.0025 -2.2000e+00 -4.7592e+04 4.3630e+02 2.8554e+05 -4.1400e+01 -1.7015e+07 8.2499e+03 1.0209e+08 2.2729e+02 -5.1491e+08 -4.5384e+04 3.0895e+09 2.8200e+00 -7.8316e+04 -5.5970e+02 4.6990e+05 -2.2180e+01 -4.8662e+06 4.4119e+03 2.9198e+07 2.3280e+01 1.2657e+03 5.9820e+01 6.6808e+02
 100.0  200.0 155.66 0.0050 0.0025 -1.8900e+00 -3.5374e+04 3.7617e+02 2.1225e+05 2.8020e+01 -7.7896e+06 -5.5820e+03 4.6738e+07 2.3352e+02 -5.4354e+08 -4.6628e+04 3.2613e+09 -4.1500e+00 -1.6978e+05 8.2410e+02 1.0187e+06 -8.2000e-01 2.9960e+03 4.5132e+02 8.4104e+04 1.4670e+01 1.1934e+03 6.9430e+01 6.4344e+02
 100.0  200.0 155.66 0.0050 0.0025 8.4000e-01 -6.8580e+03 -1.6559e+02 4.1137e+04 9.0900e+00 -7.9143e+05 -1.7788e+03 4.7469e+06 1.7715e+02 -3.1269e+08 -3.5366e+04 1.8761e+09 1.2080e+01 -1.4448e+06 -2.4041e+03 8.6692e+06 -2.2200e+01 -4.8694e+06 4.4134e+03 2.9217e+07 1.9800e+01 1.2122e+03 6.4720e+01 6.3966e+02
 100.0  200.0 155.66 0.0050 0.0025 4.9800e+00 -2.4622e+05 -9.9242e+02 1.4773e+06 7.1950e+01 -5.1529e+07 -1.4357e+04 3.0918e+08 2.0171e+02 -4.0554e+08 -4.0276e+04 2.4332e+09 6.0000e-02 2.0740e+03 -2.0233e+01 -5.9265e+03 -6.0000e+00 -3.4944e+05 1.1822e+03 2.0964e+06 1.9440e+01 1.1433e+03 6.3300e+01 6.0054e+02
 100.0  200.0 155.66 0.0050 0.0025 -4.0000e-01 -1.4360e+03 7.5422e+01 8.5580e+03 1.0020e+01 -9.9185e+05 -1.9918e+03 5.9511e+06 2.4642e+02 -6.0530e+08 -4.9206e+04 3.6318e+09 1.5420e+01 -2.3591e+06 -3.0719e+03 1.4155e+07 -3.6400e+00 -1.2479e+05 7.0618e+02 7.4827e+05 2.0260e+01 1.3179e+03 7.4300e+01 6.9962e+02
 100.0  200.0 155.66 0.0050 0.0025 2.5300e+00 -6.3184e+04 -5.0273e+02 3.7911e+05 -3.4900e+01 -1.2090e+07 6.9542e+03 7.2540e+07 2.1298e+02 -4.5212e+08 -4.2526e+04 2.7127e+09 2.2800e+00 -5.0754e+04 -4.5058e+02 3.0453e+05 -4.1180e+01 -1.6845e+07 8.2086e+03 1.0107e+08 2.0170e+01 1.2159e+03 9.4260e+01 6.2760e+02
 100.0  200.0 155.66 0.0050 0.0025 2.7300e+00 -7.3414e+04 -5.4191e+02 4.4050e+05 -2.6930e+01 -7.1964e+06 5.3652e+03 4.3178e+07 1.9241e+02 -3.6895e+08 -3.8416e+04 2.2137e+09 1.1300e+00 -9.2280e+03 -1.8420e+02 5.1974e+04 -9.9800e+00 -9.6396e+05 1.9632e+03 5.7820e+06 2.7730e+01 1.3147e+03 9.3690e+01 6.5748e+02
 100.0  200.0 155.66 0.0050 0.0025 -8.1000e-01 -6.3000e+03 1.5870e+02 3.7785e+04 -2.0960e+01 -4.3619e+06 4.1771e+03 2.6171e+07 2.5717e+02 -6.5918e+08 -5.1349e+04 3.9551e+09 1.2420e+01 -1.5333e+06 -2.4766e+03 9.2001e+06 9.7900e+00 -9.4765e+05 -1.9470e+03 5.6860e+06 1.5310e+01 1.3288e+03 7.5740e+01 7.0533e+02
 100.0  200.0 155.66 0.0050 0.0025 -1.2900e+00 -1.6248e+04 2.5493e+02 9.7485e+04 4.9200e+01 -2.4091e+07 -9.8165e+03 1.4455e+08 2.0193e+02 -4.0634e+08 -4.0316e+04 2.4380e+09 -1.4470e+01 -2.0734e+06 2.8799e+03 1.2441e+07 1.3890e+01 -1.9193e+06 -2.7708e+03 1.1516e+07 2.7210e+01 1.2046e+03 7.3270e+01 6.3101e+02
 100.0  200.0 155.66 0.0050 0.0025 -4.3800e+00 -1.8976e+05 8.7124e+02 1.1386e+06 2.1500e+01 -4.5859e+06 -4.2830e+03 2.7516e+07 2.1292e+02 -4.5179e+08 -4.2511e+04 2.7108e+09 -5.8800e+00 -3.4294e+05 1.1712e+03 2.0577e+06 -3.3000e+00 -9.2804e+04 6.0470e+02 5.5097e+05 2.1220e+01 1.1804e+03 6.8160e+01 6.0212e+02
 100.0  200.0 155.66 0.0050 0.0025 1.1000e+00 -1.1814e+04 -2.1735e+02 7.0871e+04 -2.4370e+01 -5.8989e+06 4.8576e+03 3.5394e+07 1.5638e+02 -2.4371e+08 -3.1223e+04 1.4623e+09 1.2420e+01 -1.5321e+06 -2.4756e+03 9.1925e+06 1.5060e+01 -2.2504e+06 -3.0003e+03 1.3503e+07 1.9600e+01 1.2217e+03 7.4400e+01 6.4470e+02
 100.0  200.0 155.66 0.0050 0.0025 6.6900e+00 -4.4441e+05 -1.3333e+03 2.6665e+06 3.0140e+01 -9.0237e+06 -6.0080e+03 5.4143e+07 2.2033e+02 -4.8390e+08 -4.3996e+04 2.9034e+09 1.6060e+01 -2.5631e+06 -3.2020e+03 1.5379e+07 4.0870e+01 -1.6581e+07 -8.1440e+03 9.9486e+07 2.6610e+01 1.2632e+03 7.8340e+01 6.4153e+02
 100.0  200.0 155.66 0.0050 0.0025 4.5200e+00 -2.0290e+05 -9.0091e+02 1.2174e+06 -3.6500e+00 -1.2093e+05 6.9325e+02 7.2234e+05 1.8062e+02 -3.2517e+08 -3.6065e+04 1.9510e+09 3.7100e+00 -1.3339e+05 -7.3046e+02 8.0034e+05 8.8600e+00 -7.7620e+05 -1.7621e+03 4.6573e+06 2.3280e+01 1.2281e+03 7.1470e+01 6.2484e+02
 100.0  200.0 155.66 0.0050 0.0025 -2.9600e+00 -8.5916e+04 5.8623e+02 5.1550e+05 -1.2360e+01 -1.5078e+06 2.4559e+03 9.0471e+06 1.9922e+02 -3.9555e+08 -3.9777e+04 2.3733e+09 1.2650e+01 -1.5893e+06 -2.5214e+03 9.5358e+06 -3.0430e+01 -9.2115e+06 6.0701e+03 5.5269e+07 2.1920e+01 1.2809e+03 7.0890e+01 6.5743e+02
 100.0  200.0 155.66 0.0050 0.0025 -2.1700e+00 -4.5970e+04 4.2884e+02 2.7584e+05 1.3660e+01 -1.8418e+06 -2.7142e+03 1.1051e+07 1.8618e+02 -3.4552e+08 -3.7177e+04 2.0731e+09 -7.6500e+00 -5.8003e+05 1.5232e+03 3.4802e+06 9.1300e+00 -8.2412e+05 -1.8156e+03 4.9448e+06 1.7370e+01 1.1990e+03 8.5190e+01 6.1277e+02
 100.0  200.0 155.66 0.0050 0.0025 1.1390e+01 -1.2888e+06 -2.2705e+03 7.7328e+06 -5.1100e+00 -2.3766e+05 9.7239e+02 1.4207e+06 1.9525e+02 -3.7993e+08 -3.8984e+04 2.2796e+09 8.1700e+00 -6.6145e+05 -1.6266e+03 3.9688e+06 -2.3690e+01 -5.5711e+06 4.7207e+03 3.3427e+07 2.5950e+01 1.3042e+03 8.8250e+01 6.5239e+02
 100.0  200.0 155.66 0.0050 0.0025 8.1900e+00 -6.6473e+05 -1.6306e+03 3.9884e+06 -2.8870e+01 -8.2909e+06 5.7588e+03 4.9746e+07 2.1857e+02 -4.7612e+08 -4.3641e+04 2.8567e+09 -1.7300e+00 -2.6708e+04 3.2575e+02 1.5950e+05 1.0280e+01 -1.0250e+06 -2.0247e+03 6.1494e+06 2.4550e+01 1.2308e+03 7.1990e+01 6.6882e+02
 100.0  200.0 155.66 0.0050 0.0025 1.8000e-01 6.8000e+01 -1.3765e+02 6.2406e+03 -5.0000e+00 -2.2976e+05 9.5715e+02 1.3756e+06 2.4713e+02 -6.0889e+08 -4.9351e+04 3.6533e+09 3.0000e+00 -8.8754e+04 -5.9584e+02 5.3253e+05 -2.4060e+01 -5.7422e+06 4.7926e+03 3.4454e+07 2.4560e+01 1.2717e+03 7.4700e+01 6.8332e+02
 100.0  200.0 155.66 0.0050 0.0025 7.8300e+00 -6.0858e+05 -1.5603e+03 3.6516e+06 -2.4150e+01 -5.7800e+06 4.8083e+03 3.4680e+07 1.8144e+02 -3.2812e+08 -3.6228e+04 1.9687e+09 8.3000e+00 -6.8199e+05 -1.6517e+03 4.0920e+06 -6.2200e+00 -3.6357e+05 1.2047e+03 2.1785e+06 2.8670e+01 1.3195e+03 7.8140e+01 6.6972e+02
 100.0  200.0 155.66 0.0050 0.0025 -1.4500e+00 -2.0280e+04 2.8479e+02 1.2167e+05 4.1420e+01 -1.7055e+07 -8.2596e+03 1.0233e+08 1.9776e+02 -3.8981e+08 -3.9487e+04 2.3388e+09 -5.9600e+00 -3.4728e+05 1.1787e+03 2.0838e+06 8.6800e+00 -7.4112e+05 -1.7218e+03 4.4467e+06 2.1530e+01 1.2032e+03 7.0960e+01 6.3998e+02
 100.0  200.0 155.66 0.0050 0.0025 4.9300e+00 -2.4079e+05 -9.8142e+02 1.4448e+06 2.6360e+01 -6.8639e+06 -5.2399e+03 4.1185e+07 1.7313e+02 -2.9874e+08 -3.4568e+04 1.7924e+09 -1.2060e+01 -1.4442e+06 2.4035e+03 8.6652e+06 2.1040e+01 -4.3803e+06 -4.1859e+03 2.6283e+07 1.8970e+01 1.1592e+03 6.7240e+01 6.0646e+02
 100.0  200.0 155.66 0.0050 0.0025 8.7300e+00 -7.5653e+05 -1.7396e+03 4.5392e+06 -2.7290e+01 -7.4068e+06 5.4431e+03 4.4441e+07 1.8643e+02 -3.4632e+08 -3.7219e+04 2.0779e+09 -5.0000e-01 -1.9880e+03 8.7166e+01 1.1539e+04 -1.9600e+01 -3.8057e+06 3.9017e+03 2.2835e+07 1.8630e+01 1.1272e+03 6.6580e+01 5.9644e+02
 100.0  200.0 155.66 0.0050 0.0025 -6.3000e-01 -3.5220e+03 1.1831e+02 2.1038e+04 -1.9800e+01 -3.8832e+06 3.9412e+03 2.3299e+07 2.2696e+02 -5.1341e+08 -4.5317e+04 3.0804e+09 2.2800e+00 -4.9988e+04 -4.4702e+02 2.9980e+05 -3.2600e+00 -9.7938e+04 6.2474e+02 5.8613e+05 2.3910e+01 1.2407e+03 5.7500e+01 6.5220e+02
 100.0  200.0 155.66 0.0050 0.0025 5.1600e+00 -2.6094e+05 -1.0217e+03 1.5657e+06 9.2860e+01 -8.5617e+07 -1.8506e+04 5.1371e+08 1.8274e+02 -3.3291e+08 -3.6492e+04 1.9975e+09 1.5100e+01 -2.2631e+06 -3.0088e+03 1.3579e+07 5.3580e+01 -2.8544e+07 -1.0685e+04 1.7127e+08 1.9240e+01 1.2331e+03 7.8740e+01 6.7082e+02
 100.0  200.0 155.66 0.0050 0.0025 -1.0700e+00 -1.1104e+04 2.1069e+02 6.6598e+04 9.9800e+00 -9.7179e+05 -1.9714e+03 5.8301e+06 2.0401e+02 -4.1484e+08 -4.0735e+04 2.4890e+09 9.3000e-01 -7.6420e+03 -1.7390e+02 4.5510e+04 -8.7000e-01 2.6050e+04 2.6890e+02 -3.1444e+04 1.6930e+01 1.2158e+03 7.9810e+01 6.6955e+02
 100.0  200.0 155.66 0.0050 0.0025 7.2500e+00 -5.2027e+05 -1.4426e+03 3.1217e+06 2.2990e+01 -5.2287e+06 -4.5733e+03 3.1372e+07 1.7041e+02 -2.8940e+08 -3.4023e+04 1.7364e+09 -1.0750e+01 -1.1448e+06 2.1400e+03 6.8691e+06 2.0930e+01 -4.3354e+06 -4.1644e+03 2.6013e+07 2.4950e+01 1.1714e+03 6.6730e+01 6.0641e+02
 100.0  200.0 155.66 0.0050 0.0025 1.1710e+01 -1.3587e+06 -2.3313e+03 8.1522e+06 3.7300e+01 -1.3818e+07 -7.4345e+03 8.2907e+07 1.7706e+02 -3.1244e+08 -3.5352e+04 1.8746e+09 -6.4000e-01 -3.4500e+03 1.1598e+02 2.0327e+04 -3.7900e+00 -1.4000e+05 7.4826e+02 8.3989e+05 2.7210e+01 1.2705e+03 7.1680e+01 6.8133e+02
 100.0  200.0 155.66 0.0050 0.0025 3.5500e+00 -1.2404e+05 -7.0438e+02 7.4423e+05 2.9430e+01 -8.5644e+06 -5.8532e+03 5.1389e+07 2.0553e+02 -4.2108e+08 -4.1041e+04 2.5265e+09 -5.0000e-01 -3.9800e+02 -1.5898e+02 -3.0025e+04 2.1820e+01 -4.7140e+06 -4.3424e+03 2.8285e+07 1.9190e+01 1.1511e+03 7.7080e+01 5.7460e+02
 100.0  200.0 155.66 0.0050 0.0025 5.9400e+00 -3.4908e+05 -1.1817e+03 2.0946e+06 5.4270e+01 -2.9260e+07 -1.0819e+04 1.7556e+08 2.0200e+02 -4.0669e+08 -4.0333e+04 2.4402e+09 7.3000e-01 -3.0980e+03 -9.4658e+01 1.4107e+04 4.0170e+01 -1.6029e+07 -8.0072e+03 9.6173e+07 2.4440e+01 1.2150e+03 7.9970e+01 6.5099e+02
 100.0  200.0 155.66 0.0050 0.0025 6.5000e+00 -4.1912e+05 -1.2948e+03 2.5148e+06 5.4810e+01 -2.9865e+07 -1.0930e+04 1.7919e+08 2.2502e+02 -5.0458e+08 -4.4926e+04 3.0275e+09 8.2900e+00 -6.8224e+05 -1.6520e+03 4.0935e+06 9.9400e+00 -9.7920e+05 -1.9791e+03 5.8753e+06 2.1980e+01 1.2025e+03 7.8290e+01 6.0904e+02
 100.0  200.0 155.66 0.0050 0.0025 -2.2500e+00 -4.9752e+04 4.4610e+02 2.9851e+05 1.1010e+01 -1.1958e+06 -2.1871e+03 7.1748e+06 1.7703e+02 -3.1235e+08 -3.5347e+04 1.8741e+09 -6.8300e+00 -4.6323e+05 1.3612e+03 2.7794e+06 -5.6000e+00 -3.0536e+05 1.1050e+03 1.8318e+06 3.0610e+01 1.3193e+03 8.1670e+01 6.6868e+02
 100.0  200.0 155.66 0.0050 0.0025 3.9400e+00 -1.5385e+05 -7.8449e+02 9.2312e+05 1.4040e+01 -1.9250e+06 -2.7747e+03 1.1549e+07 2.2873e+02 -5.2145e+08 -4.5671e+04 3.1287e+09 -7.4400e+00 -5.4937e+05 1.4824e+03 3.2963e+06 1.0080e+01 -9.9507e+05 -1.9950e+03 5.9701e+06 2.0460e+01 1.2567e+03 9.0420e+01 6.3336e+02
 100.0  200.0 155.66 0.0050 0.0025 -8.7200e+00 -7.5513e+05 1.7380e+03 4.5309e+06 -4.1730e+01 -1.7286e+07 8.3154e+03 1.0372e+08 1.6599e+02 -2.7461e+08 -3.3143e+04 1.6477e+09 3.8800e+00 -1.4902e+05 -7.7208e+02 8.9415e+05 -7.6200e+00 -5.7018e+05 1.5101e+03 3.4209e+06 1.9140e+01 1.3085e+03 7.6700e+01 6.9944e+02
 100.0  200.0 155.66 0.0050 0.0025 6.0900e+00 -3.6686e+05 -1.2114e+03 2.2012e+06 2.6550e+01 -7.0033e+06 -5.2928e+03 4.2021e+07 1.8445e+02 -3.3905e+08 -3.6827e+04 2.0343e+09 1.3000e+01 -1.6709e+06 -2.5853e+03 1.0026e+07 -1.8000e-01 5.5460e+03 4.9670e+01 -1.4920e+04 2.4530e+01 1.2262e+03 7.9720e+01 6.4538e+02
  50.0  200.0 155.66 0.0050 0.0025 5.7079e+00 -7.8733e+04 -5.6117e+02 4.7238e+05 1.6914e+01 -6.3834e+05 -1.5917e+03 3.8094e+06 3.9976e+02 -3.9818e+08 -3.9909e+04 2.3891e+09 2.1960e+00 -5.5740e+03 -9.5110e+01 1.2022e+04 -6.7460e-01 4.6551e+04 1.0018e+02 -1.3204e+05 4.3287e+01 2.4520e+03 1.5220e+02 1.2890e+03
  50.0  200.0 155.66 0.0050 0.0025 3.9431e-01 -2.4501e+02 -2.9088e+01 1.3037e+03 1.1434e+00 1.7596e+03 -2.6447e+02 3.0593e+04 2.5695e+01 -1.6277e+06 -2.5517e+03 9.7666e+06 1.9164e-01 3.4708e+02 -3.0051e+01 -4.1048e+02 -1.7995e-01 3.2536e+03 2.6374e+01 -9.0254e+03 2.8618e+00 1.6262e+02 1.0183e+01 8.5390e+01
  50.0  200.0 155.66 0.0050 0.0025 2.3902e-02 7.4394e+00 1.9998e-01 1.1520e+00 5.2030e-02 1.8110e+02 -1.6294e-01 -1.9923e+00 4.9492e-01 2.4780e+01 9.1501e-01 1.6165e+00 7.5780e-03 2.1174e+01 -1.2710e-01 -3.3055e-01 -9.9100e-03 1.3628e+02 -2.0170e-01 -4.7027e+00 1.6713e-01 7.0135e+00 5.2140e-01 3.7488e+00
  50.0  200.0 155.66 0.0050 0.0025 2.3214e-02 7.3135e+00 1.3951e-01 1.4359e+00 5.4142e-02 1.7779e+02 -2.9190e-01 1.6010e+01 4.9823e-01 2.4870e+01 1.0222e+00 1.9265e-01 9.0340e-03 2.2107e+01 5.8404e-02 2.0719e+00 -7.1240e-03 1.3668e+02 -6.9876e-02 -9.0286e+00 1.6686e-01 7.0145e+00 5.2291e-01 3.7514e+00
  50.0  200.0 155.66 0.0050 0.0025 6.0900e-03 4.5776e+01 1.8341e-02 8.8496e-01 1.5174e-02 4.5776e+01 1.8341e-02 8.8496e-01 6.0900e-03 6.2232e+00 9.9015e-01 9.6389e-01 3.0600e-03 5.4221e+00 2.0558e-02 7.2329e-01 -2.8280e-03 3.3960e+01 3.1287e-02 9.5116e-01 4.2306e-02 1.7508e+00 1.3162e-01 9.3844e-01
  50.0    7.7 143.45 0.1435 0.0718 1.6918e+00 4.3335e+02 1.8077e-01 8.0606e-01 3.1663e+00 4.3335e+02 1.8077e-01 8.0606e-01 1.6918e+00 7.1783e+02 1.0019e+00 1.0128e+00 3.7152e-01 3.4686e+01 4.0189e-01 7.1339e-01 -2.3754e-01 2.7895e+02 -1.2340e-01 9.9175e-01 1.7101e+00 1.4051e+01 7.9829e-01 6.7281e+00
  50.0   11.5 149.53 0.0942 0.0471 1.1758e+00 4.2579e+02 1.2573e-01 8.1450e-01 2.2362e+00 4.2579e+02 1.2573e-01 8.1450e-01 1.1758e+00 4.7134e+02 9.9784e-01 9.7860e-01 3.2251e-01 4.2964e+01 2.7356e-01 7.1324e-01 -2.1053e-01 2.9868e+02 -9.1833e-02 9.7891e-01 1.2378e+00 1.4813e+01 1.0108e+00 7.5940e+00
