#E.    M2/M1			 StatError		 SysError   C3/C2		    StatError		   SysError   C4/C2		  StatError  SysError
  
7.70    3.72455    0.0319487    0.0159744  0.443332      0.237605      0.215502  -10.6236    7.47779    5.2201
11.5    5.55127    0.0366492    0.0183246  0.503508      0.208217      0.174109   1.90761    7.09204    1.30255
19.6    8.95204    0.0255873    0.0127937  0.283159      0.09437       0.0777163  1.30334    3.54197    0.785453
27.0    12.7145    0.0299337    0.0149669  0.107052      0.0750091     0.0562664  2.96161    3.09955    1.51754
39.0  	17.4625    0.0263059    0.013153   0.0133622     0.0501263     0.033736   1.59113    2.22224    0.62209
62.4    27.3241    0.0651797    0.0325899  0.145121      0.067052      0.0899881  4.57877    3.34581    2.46885
200     80.2318    0.210213      0.105106  -0.0188162     0.0477387     0.0409418  2.57939    2.42202    1.84051

